0 0.162109375 0.501953125 0.1279296875 0.123046875
0 0.4189453125 0.5380859375 0.046875 0.09375
0 0.5390625 0.5537109375 0.11328125 0.111328125
0 0.7548828125 0.58984375 0.1201171875 0.1083984375
1 0.123046875 0.4912109375 0.03515625 0.0908203125
1 0.1640625 0.501953125 0.0419921875 0.0859375
1 0.203125 0.5126953125 0.033203125 0.087890625
1 0.4189453125 0.53515625 0.02734375 0.0751953125
1 0.5 0.552734375 0.025390625 0.08984375
1 0.53515625 0.560546875 0.0244140625 0.080078125
1 0.5791015625 0.564453125 0.0224609375 0.072265625
1 0.7119140625 0.5830078125 0.025390625 0.07421875
1 0.7529296875 0.5888671875 0.0263671875 0.08203125
1 0.79296875 0.6005859375 0.03125 0.0712890625
1 0.404883 0.538086 0.013393 0.062500
1 0.433008 0.538086 0.013393 0.062500
