0 0.23828125 0.1630859375 0.1123046875 0.123046875
0 0.4248046875 0.15625 0.1142578125 0.0947265625
0 0.560546875 0.169921875 0.1103515625 0.0947265625
0 0.73828125 0.1748046875 0.1044921875 0.099609375
1 0.20703125 0.1513671875 0.0341796875 0.076171875
1 0.244140625 0.1513671875 0.0302734375 0.0859375
1 0.2763671875 0.158203125 0.0244140625 0.08984375
1 0.390625 0.16015625 0.0283203125 0.07421875
1 0.427734375 0.16015625 0.02734375 0.064453125
1 0.4638671875 0.1552734375 0.02734375 0.064453125
1 0.525390625 0.16796875 0.02734375 0.0712890625
1 0.5615234375 0.1689453125 0.0302734375 0.064453125
1 0.595703125 0.1708984375 0.02734375 0.07421875
1 0.705078125 0.169921875 0.02734375 0.0673828125
1 0.740234375 0.1748046875 0.0322265625 0.076171875
1 0.7724609375 0.1767578125 0.02734375 0.076171875
