0 0.2705078125 0.2373046875 0.12890625 0.1142578125
0 0.466796875 0.2294921875 0.11328125 0.09375
0 0.6123046875 0.2353515625 0.107421875 0.087890625
0 0.802734375 0.2314453125 0.10546875 0.095703125
1 0.2294921875 0.232421875 0.0400390625 0.0859375
1 0.2724609375 0.2333984375 0.033203125 0.0849609375
1 0.3125 0.2294921875 0.0341796875 0.068359375
1 0.4326171875 0.2333984375 0.033203125 0.0771484375
1 0.470703125 0.2333984375 0.02734375 0.07421875
1 0.505859375 0.2333984375 0.0302734375 0.06640625
1 0.576171875 0.234375 0.0283203125 0.0556640625
1 0.6123046875 0.232421875 0.02734375 0.06640625
1 0.6484375 0.23828125 0.0283203125 0.06640625
1 0.7685546875 0.2314453125 0.02734375 0.0830078125
1 0.80078125 0.232421875 0.0322265625 0.0693359375
1 0.8359375 0.2333984375 0.0283203125 0.0751953125
