0 0.3408203125 0.619140625 0.11328125 0.10546875
0 0.5400390625 0.669921875 0.0673828125 0.09375
0 0.650390625 0.6953125 0.1015625 0.1005859375
0 0.826171875 0.7265625 0.1015625 0.1083984375
1 0.3076171875 0.6123046875 0.033203125 0.0771484375
1 0.341796875 0.6240234375 0.0263671875 0.0751953125
1 0.375 0.6298828125 0.029296875 0.0712890625
1 0.5244140625 0.66796875 0.0234375 0.068359375
1 0.5546875 0.6708984375 0.0234375 0.0625
1 0.6220703125 0.6875 0.0244140625 0.0634765625
1 0.650390625 0.6943359375 0.021484375 0.07421875
1 0.6826171875 0.70703125 0.0263671875 0.0625
1 0.796875 0.72265625 0.0244140625 0.0712890625
1 0.822265625 0.7333984375 0.0234375 0.0859375
1 0.8564453125 0.7421875 0.029296875 0.0634765625
1 0.540039 0.669922 0.019252 0.062500
