0 0.2958984375 0.38671875 0.10546875 0.1015625
0 0.4521484375 0.3828125 0.1083984375 0.08984375
0 0.5771484375 0.3916015625 0.09765625 0.1015625
0 0.7431640625 0.3857421875 0.0966796875 0.0947265625
1 0.2646484375 0.3818359375 0.03125 0.07421875
1 0.29296875 0.3876953125 0.0263671875 0.0673828125
1 0.3251953125 0.3896484375 0.0322265625 0.0625
1 0.421875 0.38671875 0.0341796875 0.07421875
1 0.4560546875 0.388671875 0.0283203125 0.060546875
1 0.4853515625 0.3828125 0.03125 0.0576171875
1 0.546875 0.388671875 0.0263671875 0.060546875
1 0.5771484375 0.3935546875 0.0263671875 0.0693359375
1 0.6083984375 0.3857421875 0.0244140625 0.0625
1 0.7119140625 0.388671875 0.0205078125 0.0693359375
1 0.7431640625 0.388671875 0.0283203125 0.064453125
1 0.7744140625 0.3828125 0.0234375 0.0712890625
