0 0.3583984375 0.5517578125 0.0703125 0.099609375
0 0.5478515625 0.5634765625 0.0966796875 0.0947265625
0 0.6767578125 0.587890625 0.1044921875 0.1015625
0 0.8701171875 0.611328125 0.10546875 0.1015625
1 0.3466796875 0.55078125 0.0283203125 0.0712890625
1 0.376953125 0.5537109375 0.01953125 0.072265625
1 0.5126953125 0.5654296875 0.021484375 0.0634765625
1 0.5439453125 0.5712890625 0.0205078125 0.0634765625
1 0.576171875 0.57421875 0.02734375 0.068359375
1 0.6416015625 0.5830078125 0.0263671875 0.068359375
1 0.67578125 0.583984375 0.021484375 0.056640625
1 0.7109375 0.5908203125 0.02734375 0.05859375
1 0.83203125 0.6044921875 0.0244140625 0.06640625
1 0.8662109375 0.6083984375 0.029296875 0.0712890625
1 0.904296875 0.6123046875 0.0302734375 0.0712890625
1 0.358398 0.551758 0.020089 0.066406
