0 0.36328125 0.5595703125 0.0693359375 0.107421875
0 0.546875 0.5732421875 0.095703125 0.109375
0 0.6728515625 0.5986328125 0.1025390625 0.107421875
0 0.869140625 0.6240234375 0.107421875 0.103515625
1 0.3466796875 0.5615234375 0.021484375 0.0712890625
1 0.376953125 0.560546875 0.02734375 0.07421875
1 0.5126953125 0.572265625 0.0234375 0.068359375
1 0.5419921875 0.578125 0.0244140625 0.0751953125
1 0.578125 0.587890625 0.0205078125 0.064453125
1 0.638671875 0.599609375 0.025390625 0.0634765625
1 0.6748046875 0.59765625 0.029296875 0.0712890625
1 0.70703125 0.603515625 0.0234375 0.068359375
1 0.8349609375 0.6220703125 0.025390625 0.06640625
1 0.8671875 0.62890625 0.021484375 0.076171875
1 0.9033203125 0.626953125 0.0263671875 0.072265625
1 0.363281 0.559570 0.019810 0.071615
