0 0.3583984375 0.5283203125 0.068359375 0.109375
0 0.544921875 0.552734375 0.1064453125 0.0908203125
0 0.6767578125 0.5615234375 0.103515625 0.111328125
0 0.8740234375 0.591796875 0.11328125 0.0947265625
1 0.3466796875 0.5302734375 0.0322265625 0.06640625
1 0.375 0.533203125 0.025390625 0.0693359375
1 0.51171875 0.55078125 0.03125 0.064453125
1 0.5439453125 0.5546875 0.025390625 0.056640625
1 0.5732421875 0.560546875 0.02734375 0.05859375
1 0.642578125 0.5595703125 0.0244140625 0.060546875
1 0.67578125 0.56640625 0.02734375 0.064453125
1 0.7109375 0.5751953125 0.025390625 0.0634765625
1 0.8359375 0.5859375 0.021484375 0.072265625
1 0.8720703125 0.5927734375 0.029296875 0.078125
1 0.9091796875 0.59375 0.0302734375 0.064453125
1 0.358398 0.528320 0.019531 0.072917
