0 0.337890625 0.5830078125 0.091796875 0.0859375
0 0.60546875 0.623046875 0.09375 0.09375
0 0.7705078125 0.650390625 0.0966796875 0.08203125
1 0.310546875 0.5810546875 0.0234375 0.060546875
1 0.337890625 0.5859375 0.021484375 0.060546875
1 0.365234375 0.587890625 0.0205078125 0.052734375
1 0.5791015625 0.6142578125 0.0244140625 0.0615234375
1 0.611328125 0.623046875 0.021484375 0.0693359375
1 0.6376953125 0.6318359375 0.0224609375 0.060546875
1 0.7412109375 0.6435546875 0.0283203125 0.052734375
1 0.771484375 0.6513671875 0.0224609375 0.0615234375
1 0.802734375 0.6533203125 0.01953125 0.0634765625
