0 0.220703125 0.55078125 0.1318359375 0.09765625
0 0.4228515625 0.55078125 0.1171875 0.09765625
0 0.5556640625 0.55078125 0.1015625 0.09765625
0 0.7255859375 0.5546875 0.08984375 0.076171875
1 0.1796875 0.55078125 0.0390625 0.0830078125
1 0.2197265625 0.5517578125 0.03125 0.0810546875
1 0.2626953125 0.5517578125 0.04296875 0.0712890625
1 0.3837890625 0.5556640625 0.03125 0.07421875
1 0.421875 0.54296875 0.0341796875 0.0673828125
1 0.4599609375 0.544921875 0.0322265625 0.0712890625
1 0.5234375 0.5439453125 0.0283203125 0.064453125
1 0.556640625 0.556640625 0.02734375 0.0673828125
1 0.58984375 0.548828125 0.0263671875 0.0556640625
1 0.6962890625 0.5478515625 0.0224609375 0.0576171875
1 0.7255859375 0.5556640625 0.0341796875 0.064453125
1 0.755859375 0.548828125 0.0244140625 0.060546875
