0 0.1669921875 0.51171875 0.123046875 0.1005859375
0 0.4228515625 0.5537109375 0.0478515625 0.1005859375
0 0.537109375 0.5654296875 0.12109375 0.1123046875
0 0.751953125 0.59765625 0.1171875 0.1123046875
1 0.12890625 0.5087890625 0.041015625 0.0859375
1 0.1669921875 0.5087890625 0.0380859375 0.0859375
1 0.205078125 0.51953125 0.03515625 0.0751953125
1 0.423828125 0.552734375 0.03125 0.0771484375
1 0.5009765625 0.5595703125 0.033203125 0.09375
1 0.537109375 0.5654296875 0.033203125 0.08203125
1 0.580078125 0.57421875 0.0283203125 0.0771484375
1 0.7119140625 0.59375 0.0302734375 0.0849609375
1 0.7509765625 0.6044921875 0.0302734375 0.087890625
1 0.7939453125 0.603515625 0.0283203125 0.08984375
1 0.408496 0.553711 0.013672 0.067057
1 0.437207 0.553711 0.013672 0.067057
