0 0.1552734375 0.3857421875 0.12109375 0.150390625
0 0.3623046875 0.4736328125 0.1181640625 0.1640625
0 0.5126953125 0.537109375 0.1240234375 0.1435546875
0 0.724609375 0.6337890625 0.12109375 0.15234375
1 0.1201171875 0.38671875 0.0322265625 0.0830078125
1 0.1611328125 0.404296875 0.0322265625 0.076171875
1 0.1943359375 0.4150390625 0.03125 0.0712890625
1 0.3212890625 0.466796875 0.0234375 0.0712890625
1 0.3583984375 0.486328125 0.0283203125 0.0791015625
1 0.3994140625 0.4990234375 0.0283203125 0.076171875
1 0.47265625 0.5244140625 0.0263671875 0.0810546875
1 0.5087890625 0.5517578125 0.0234375 0.0673828125
1 0.55078125 0.56640625 0.03125 0.0712890625
1 0.6845703125 0.6162109375 0.02734375 0.0791015625
1 0.7197265625 0.638671875 0.0234375 0.0830078125
1 0.7646484375 0.6552734375 0.03125 0.0791015625
