0 0.3623046875 0.5546875 0.0654296875 0.0908203125
0 0.5517578125 0.5732421875 0.099609375 0.11328125
0 0.6728515625 0.587890625 0.115234375 0.0986328125
0 0.8759765625 0.6162109375 0.1044921875 0.103515625
1 0.3505859375 0.548828125 0.029296875 0.060546875
1 0.380859375 0.5478515625 0.017578125 0.068359375
1 0.515625 0.5693359375 0.0224609375 0.080078125
1 0.546875 0.572265625 0.0244140625 0.064453125
1 0.5771484375 0.5791015625 0.0263671875 0.0712890625
1 0.638671875 0.5888671875 0.03125 0.06640625
1 0.677734375 0.59375 0.0322265625 0.07421875
1 0.7119140625 0.5947265625 0.021484375 0.0634765625
1 0.8388671875 0.609375 0.025390625 0.064453125
1 0.87109375 0.6142578125 0.029296875 0.0712890625
1 0.9072265625 0.6181640625 0.029296875 0.07421875
1 0.362305 0.554688 0.018694 0.060547
