0 0.181640625 0.369140625 0.12109375 0.0947265625
0 0.3857421875 0.3681640625 0.109375 0.0927734375
0 0.52734375 0.3701171875 0.1142578125 0.087890625
0 0.7158203125 0.373046875 0.1025390625 0.0927734375
1 0.146484375 0.3701171875 0.0380859375 0.0791015625
1 0.1826171875 0.3701171875 0.0322265625 0.0791015625
1 0.2216796875 0.3671875 0.0302734375 0.076171875
1 0.3486328125 0.373046875 0.0283203125 0.0791015625
1 0.3837890625 0.37109375 0.0322265625 0.0712890625
1 0.419921875 0.369140625 0.0302734375 0.0625
1 0.4921875 0.373046875 0.0263671875 0.064453125
1 0.52734375 0.3759765625 0.0263671875 0.0673828125
1 0.564453125 0.373046875 0.0302734375 0.064453125
1 0.6767578125 0.3798828125 0.0263671875 0.0693359375
1 0.7138671875 0.373046875 0.0341796875 0.0791015625
1 0.7490234375 0.376953125 0.02734375 0.0693359375
