0 0.1142578125 0.310546875 0.1142578125 0.125
0 0.3232421875 0.3623046875 0.12109375 0.11328125
0 0.478515625 0.4052734375 0.1259765625 0.1201171875
0 0.6953125 0.4462890625 0.1201171875 0.1201171875
1 0.0771484375 0.30078125 0.03515625 0.0927734375
1 0.115234375 0.31640625 0.03515625 0.08984375
1 0.15234375 0.326171875 0.0283203125 0.07421875
1 0.2841796875 0.357421875 0.0341796875 0.0810546875
1 0.3203125 0.3583984375 0.03125 0.087890625
1 0.3642578125 0.3671875 0.03125 0.0810546875
1 0.4365234375 0.3876953125 0.03125 0.076171875
1 0.4755859375 0.4013671875 0.03515625 0.0859375
1 0.5205078125 0.4150390625 0.0341796875 0.0810546875
1 0.65625 0.43359375 0.0283203125 0.0810546875
1 0.6943359375 0.44921875 0.0322265625 0.0830078125
1 0.7373046875 0.4580078125 0.0322265625 0.0830078125
