0 0.240234375 0.1533203125 0.111328125 0.109375
0 0.423828125 0.1640625 0.1064453125 0.09375
0 0.5615234375 0.166015625 0.10546875 0.08203125
0 0.73828125 0.1787109375 0.0986328125 0.087890625
1 0.20703125 0.15234375 0.033203125 0.0830078125
1 0.2421875 0.158203125 0.03125 0.08203125
1 0.275390625 0.1572265625 0.029296875 0.080078125
1 0.392578125 0.1611328125 0.033203125 0.0791015625
1 0.4287109375 0.1611328125 0.02734375 0.0693359375
1 0.4619140625 0.166015625 0.0244140625 0.0791015625
1 0.5263671875 0.1640625 0.0263671875 0.0634765625
1 0.560546875 0.1669921875 0.0283203125 0.0771484375
1 0.5927734375 0.1689453125 0.03515625 0.0634765625
1 0.703125 0.173828125 0.0263671875 0.0693359375
1 0.7392578125 0.1728515625 0.0322265625 0.064453125
1 0.76953125 0.169921875 0.02734375 0.0712890625
