0 0.2392578125 0.6962890625 0.1240234375 0.125
0 0.41015625 0.6083984375 0.1064453125 0.1015625
0 0.5341796875 0.5498046875 0.1083984375 0.1181640625
0 0.6962890625 0.47265625 0.0947265625 0.1064453125
1 0.1982421875 0.7060546875 0.0380859375 0.07421875
1 0.2314453125 0.6962890625 0.0322265625 0.060546875
1 0.26953125 0.6787109375 0.046875 0.064453125
1 0.3779296875 0.6240234375 0.0263671875 0.0625
1 0.4091796875 0.6103515625 0.0302734375 0.0625
1 0.4423828125 0.591796875 0.0283203125 0.0673828125
1 0.5009765625 0.568359375 0.0302734375 0.0625
1 0.5341796875 0.560546875 0.02734375 0.07421875
1 0.5673828125 0.533203125 0.0322265625 0.0673828125
1 0.6669921875 0.4892578125 0.0263671875 0.0576171875
1 0.693359375 0.47265625 0.02734375 0.064453125
1 0.72265625 0.4599609375 0.0283203125 0.0576171875
