0 0.138671875 0.5048828125 0.12109375 0.1337890625
0 0.3720703125 0.564453125 0.1396484375 0.138671875
0 0.5595703125 0.6162109375 0.1376953125 0.1298828125
0 0.8408203125 0.69140625 0.1552734375 0.1552734375
1 0.1005859375 0.4921875 0.0390625 0.08984375
1 0.142578125 0.49609375 0.0400390625 0.1044921875
1 0.1806640625 0.513671875 0.03515625 0.0927734375
1 0.3251953125 0.5546875 0.0361328125 0.099609375
1 0.37109375 0.5634765625 0.0341796875 0.099609375
1 0.4150390625 0.5771484375 0.0341796875 0.1044921875
1 0.5107421875 0.6025390625 0.03125 0.0859375
1 0.5556640625 0.6142578125 0.0322265625 0.0947265625
1 0.60546875 0.62890625 0.0390625 0.0947265625
1 0.78515625 0.673828125 0.03125 0.09765625
1 0.8388671875 0.689453125 0.03515625 0.1064453125
1 0.8935546875 0.7080078125 0.0400390625 0.1064453125
