0 0.1865234375 0.552734375 0.1083984375 0.1015625
0 0.3779296875 0.5791015625 0.115234375 0.1083984375
0 0.5341796875 0.5966796875 0.12109375 0.09765625
0 0.77734375 0.6123046875 0.1513671875 0.1357421875
1 0.1533203125 0.5537109375 0.03125 0.0849609375
1 0.1884765625 0.5595703125 0.03125 0.0751953125
1 0.2197265625 0.5576171875 0.0302734375 0.072265625
1 0.33984375 0.568359375 0.03515625 0.06640625
1 0.376953125 0.576171875 0.029296875 0.072265625
1 0.4150390625 0.583984375 0.0283203125 0.08203125
1 0.49609375 0.5888671875 0.0302734375 0.0751953125
1 0.5322265625 0.5947265625 0.03125 0.0693359375
1 0.57421875 0.595703125 0.0322265625 0.080078125
1 0.7275390625 0.6044921875 0.037109375 0.095703125
1 0.7734375 0.6220703125 0.03515625 0.111328125
1 0.8251953125 0.619140625 0.0390625 0.0927734375
