0 0.1748046875 0.568359375 0.1171875 0.0986328125
0 0.4052734375 0.58984375 0.0888671875 0.1005859375
0 0.5478515625 0.5986328125 0.12109375 0.1142578125
0 0.7705078125 0.623046875 0.1142578125 0.0986328125
1 0.1357421875 0.5693359375 0.0341796875 0.0771484375
1 0.1708984375 0.5673828125 0.0302734375 0.0751953125
1 0.2138671875 0.572265625 0.03125 0.07421875
1 0.384765625 0.5859375 0.0341796875 0.080078125
1 0.4306640625 0.5908203125 0.0263671875 0.0771484375
1 0.5107421875 0.5966796875 0.02734375 0.0791015625
1 0.55078125 0.6015625 0.0244140625 0.0771484375
1 0.591796875 0.6083984375 0.0244140625 0.08203125
1 0.73046875 0.62109375 0.0263671875 0.0791015625
1 0.7705078125 0.6240234375 0.02734375 0.08203125
1 0.80859375 0.625 0.0341796875 0.0771484375
1 0.405273 0.589844 0.025391 0.067057
