0 0.287109375 0.357421875 0.0966796875 0.0849609375
0 0.4482421875 0.369140625 0.09765625 0.0810546875
0 0.56640625 0.37890625 0.087890625 0.0693359375
0 0.7255859375 0.38671875 0.0966796875 0.0732421875
1 0.2578125 0.361328125 0.0302734375 0.068359375
1 0.2900390625 0.359375 0.02734375 0.0732421875
1 0.322265625 0.361328125 0.0224609375 0.05859375
1 0.4189453125 0.369140625 0.0234375 0.0625
1 0.4501953125 0.37109375 0.0244140625 0.0556640625
1 0.48046875 0.3740234375 0.025390625 0.0556640625
1 0.5380859375 0.3798828125 0.0234375 0.0546875
1 0.56640625 0.3828125 0.0224609375 0.0576171875
1 0.5947265625 0.3828125 0.0234375 0.0556640625
1 0.693359375 0.3837890625 0.0244140625 0.05078125
1 0.7255859375 0.3857421875 0.0244140625 0.056640625
1 0.755859375 0.3876953125 0.0224609375 0.060546875
