0 0.271484375 0.201171875 0.1240234375 0.087890625
0 0.4765625 0.2001953125 0.1123046875 0.0830078125
0 0.626953125 0.2158203125 0.115234375 0.0859375
0 0.8330078125 0.2109375 0.123046875 0.0927734375
1 0.236328125 0.2080078125 0.04296875 0.0712890625
1 0.271484375 0.19921875 0.0400390625 0.064453125
1 0.3095703125 0.201171875 0.0361328125 0.0634765625
1 0.4365234375 0.2080078125 0.0322265625 0.068359375
1 0.478515625 0.20703125 0.0283203125 0.0556640625
1 0.517578125 0.2119140625 0.0283203125 0.0537109375
1 0.587890625 0.2109375 0.0302734375 0.052734375
1 0.626953125 0.21484375 0.029296875 0.06640625
1 0.66015625 0.2138671875 0.04296875 0.06640625
1 0.7958984375 0.2119140625 0.037109375 0.0791015625
1 0.8330078125 0.21484375 0.0380859375 0.068359375
1 0.8701171875 0.208984375 0.0341796875 0.0693359375
