0 0.2978515625 0.3828125 0.09765625 0.0810546875
0 0.4609375 0.3916015625 0.1064453125 0.0927734375
0 0.5810546875 0.3857421875 0.09765625 0.08984375
0 0.7490234375 0.3837890625 0.1015625 0.0927734375
1 0.2685546875 0.3818359375 0.0322265625 0.064453125
1 0.2958984375 0.3837890625 0.0283203125 0.0693359375
1 0.3271484375 0.38671875 0.0283203125 0.0556640625
1 0.4267578125 0.388671875 0.0263671875 0.0693359375
1 0.45703125 0.3896484375 0.03125 0.0712890625
1 0.4892578125 0.38671875 0.0322265625 0.0693359375
1 0.5537109375 0.3916015625 0.03515625 0.0791015625
1 0.5830078125 0.3955078125 0.0224609375 0.0693359375
1 0.6083984375 0.388671875 0.0380859375 0.0693359375
1 0.7138671875 0.388671875 0.0302734375 0.060546875
1 0.7431640625 0.380859375 0.02734375 0.0576171875
1 0.77734375 0.3828125 0.0341796875 0.0625
