0 0.2607421875 0.228515625 0.12109375 0.0927734375
0 0.453125 0.2314453125 0.087890625 0.0927734375
0 0.60546875 0.2353515625 0.1181640625 0.087890625
0 0.802734375 0.2373046875 0.115234375 0.0927734375
1 0.2236328125 0.232421875 0.0400390625 0.0751953125
1 0.259765625 0.23046875 0.0341796875 0.0791015625
1 0.3017578125 0.2265625 0.02734375 0.0751953125
1 0.42578125 0.23828125 0.029296875 0.0849609375
1 0.4599609375 0.234375 0.0263671875 0.068359375
1 0.5 0.23046875 0.0322265625 0.072265625
1 0.568359375 0.2392578125 0.02734375 0.068359375
1 0.607421875 0.2431640625 0.02734375 0.0751953125
1 0.6455078125 0.23828125 0.0244140625 0.06640625
1 0.7666015625 0.236328125 0.0283203125 0.07421875
1 0.80078125 0.232421875 0.0283203125 0.072265625
1 0.83984375 0.234375 0.0302734375 0.068359375
