0 0.21484375 0.4287109375 0.1220703125 0.123046875
0 0.4716796875 0.4716796875 0.0458984375 0.109375
0 0.5869140625 0.4951171875 0.1259765625 0.1044921875
0 0.796875 0.5205078125 0.11328125 0.1171875
1 0.177734375 0.4287109375 0.03125 0.0908203125
1 0.21484375 0.4287109375 0.0419921875 0.0859375
1 0.2548828125 0.435546875 0.03515625 0.09375
1 0.4736328125 0.470703125 0.0302734375 0.0830078125
1 0.5478515625 0.4833984375 0.02734375 0.072265625
1 0.58984375 0.49609375 0.025390625 0.08203125
1 0.62890625 0.498046875 0.02734375 0.080078125
1 0.763671875 0.5126953125 0.03125 0.0849609375
1 0.8017578125 0.521484375 0.0302734375 0.0859375
1 0.8388671875 0.52734375 0.0244140625 0.080078125
1 0.457910 0.471680 0.013114 0.072917
1 0.485449 0.471680 0.013114 0.072917
