0 0.3349609375 0.5888671875 0.09375 0.0908203125
0 0.5205078125 0.6162109375 0.0263671875 0.072265625
0 0.6044921875 0.6240234375 0.091796875 0.0869140625
0 0.7705078125 0.650390625 0.0947265625 0.0869140625
1 0.3037109375 0.5849609375 0.025390625 0.060546875
1 0.3330078125 0.587890625 0.025390625 0.056640625
1 0.3642578125 0.591796875 0.0224609375 0.0595703125
1 0.5205078125 0.6181640625 0.015625 0.05859375
1 0.576171875 0.6259765625 0.01953125 0.0556640625
1 0.6064453125 0.6240234375 0.025390625 0.0625
1 0.63671875 0.6337890625 0.0205078125 0.05859375
1 0.7412109375 0.6474609375 0.021484375 0.0546875
1 0.7705078125 0.6474609375 0.0234375 0.064453125
1 0.798828125 0.654296875 0.0224609375 0.06640625
1 0.512598 0.616211 0.007533 0.048177
1 0.528418 0.616211 0.007533 0.048177
