0 0.2802734375 0.2109375 0.126953125 0.1181640625
0 0.4853515625 0.2099609375 0.1318359375 0.0986328125
0 0.6318359375 0.2099609375 0.1201171875 0.0908203125
0 0.841796875 0.216796875 0.12890625 0.0927734375
1 0.2421875 0.208984375 0.0380859375 0.0849609375
1 0.2822265625 0.216796875 0.03515625 0.0810546875
1 0.3203125 0.2119140625 0.0361328125 0.076171875
1 0.4404296875 0.2080078125 0.03515625 0.072265625
1 0.484375 0.212890625 0.02734375 0.0703125
1 0.521484375 0.2138671875 0.029296875 0.0615234375
1 0.5927734375 0.216796875 0.0322265625 0.0556640625
1 0.6318359375 0.220703125 0.033203125 0.06640625
1 0.6708984375 0.2158203125 0.03125 0.068359375
1 0.8017578125 0.220703125 0.03125 0.06640625
1 0.83984375 0.21484375 0.0341796875 0.0703125
1 0.87890625 0.216796875 0.0400390625 0.0703125
