0 0.1826171875 0.3603515625 0.1201171875 0.123046875
0 0.3857421875 0.3564453125 0.1240234375 0.1162109375
0 0.533203125 0.3583984375 0.1162109375 0.1064453125
0 0.7158203125 0.3681640625 0.109375 0.1015625
1 0.150390625 0.373046875 0.04296875 0.0791015625
1 0.1865234375 0.3671875 0.03515625 0.0947265625
1 0.22265625 0.369140625 0.03125 0.076171875
1 0.3486328125 0.361328125 0.0380859375 0.07421875
1 0.3876953125 0.3671875 0.0322265625 0.076171875
1 0.423828125 0.3603515625 0.0380859375 0.0859375
1 0.498046875 0.3642578125 0.02734375 0.076171875
1 0.529296875 0.3701171875 0.0322265625 0.0830078125
1 0.5673828125 0.373046875 0.03515625 0.060546875
1 0.6865234375 0.376953125 0.0283203125 0.0693359375
1 0.7216796875 0.37109375 0.0302734375 0.0673828125
1 0.751953125 0.3798828125 0.0302734375 0.0791015625
