0 0.1875 0.3388671875 0.1279296875 0.1044921875
0 0.3935546875 0.34375 0.12109375 0.1044921875
0 0.541015625 0.345703125 0.1181640625 0.1181640625
0 0.7373046875 0.35546875 0.1142578125 0.099609375
1 0.1494140625 0.341796875 0.0439453125 0.08984375
1 0.1904296875 0.33984375 0.0361328125 0.0830078125
1 0.2265625 0.3427734375 0.0361328125 0.0830078125
1 0.3564453125 0.3515625 0.0361328125 0.087890625
1 0.392578125 0.3486328125 0.03515625 0.0859375
1 0.4306640625 0.3515625 0.0361328125 0.0830078125
1 0.5048828125 0.3515625 0.03125 0.0791015625
1 0.541015625 0.35546875 0.0322265625 0.0859375
1 0.578125 0.35546875 0.03125 0.0810546875
1 0.6953125 0.357421875 0.0341796875 0.0712890625
1 0.7314453125 0.3544921875 0.0302734375 0.087890625
1 0.7705078125 0.3544921875 0.03515625 0.087890625
