0 0.263671875 0.5517578125 0.0791015625 0.1064453125
0 0.4775390625 0.59375 0.111328125 0.1201171875
0 0.615234375 0.6162109375 0.1201171875 0.119140625
0 0.8154296875 0.65625 0.09765625 0.0986328125
1 0.244140625 0.552734375 0.033203125 0.0771484375
1 0.2822265625 0.5625 0.0234375 0.0791015625
1 0.4404296875 0.5849609375 0.0302734375 0.0712890625
1 0.478515625 0.59375 0.03125 0.0859375
1 0.51171875 0.599609375 0.0302734375 0.0751953125
1 0.5849609375 0.6064453125 0.033203125 0.0712890625
1 0.6220703125 0.6123046875 0.0244140625 0.0830078125
1 0.658203125 0.6259765625 0.02734375 0.0791015625
1 0.783203125 0.646484375 0.0234375 0.068359375
1 0.8134765625 0.65234375 0.02734375 0.06640625
1 0.84765625 0.6630859375 0.02734375 0.0693359375
1 0.263672 0.551758 0.022600 0.070964
