0 0.1494140625 0.392578125 0.1259765625 0.150390625
0 0.357421875 0.4736328125 0.13671875 0.1455078125
0 0.513671875 0.5517578125 0.12109375 0.1318359375
0 0.7236328125 0.63671875 0.1171875 0.125
1 0.1103515625 0.375 0.0390625 0.0791015625
1 0.1494140625 0.3955078125 0.0322265625 0.0791015625
1 0.1875 0.4140625 0.0361328125 0.07421875
1 0.3134765625 0.4609375 0.0322265625 0.0791015625
1 0.353515625 0.482421875 0.0302734375 0.0712890625
1 0.3974609375 0.5009765625 0.0400390625 0.0712890625
1 0.4716796875 0.5302734375 0.02734375 0.07421875
1 0.505859375 0.5517578125 0.0302734375 0.0810546875
1 0.5498046875 0.5634765625 0.0341796875 0.0810546875
1 0.6826171875 0.62109375 0.0244140625 0.076171875
1 0.724609375 0.63671875 0.0302734375 0.07421875
1 0.7607421875 0.6552734375 0.0322265625 0.07421875
