0 0.2294921875 0.5302734375 0.0703125 0.0849609375
0 0.431640625 0.548828125 0.107421875 0.08984375
0 0.5654296875 0.556640625 0.0986328125 0.08984375
0 0.759765625 0.5712890625 0.1015625 0.09765625
1 0.21484375 0.5302734375 0.029296875 0.0576171875
1 0.248046875 0.5302734375 0.02734375 0.05859375
1 0.3935546875 0.5478515625 0.025390625 0.0595703125
1 0.4296875 0.5478515625 0.029296875 0.072265625
1 0.4658203125 0.5498046875 0.033203125 0.07421875
1 0.5341796875 0.5546875 0.029296875 0.0703125
1 0.5654296875 0.5546875 0.0302734375 0.0673828125
1 0.6015625 0.5595703125 0.0224609375 0.07421875
1 0.7236328125 0.564453125 0.0234375 0.060546875
1 0.759765625 0.5751953125 0.02734375 0.0712890625
1 0.794921875 0.578125 0.0244140625 0.07421875
1 0.229492 0.530273 0.020089 0.056641
