0 0.28515625 0.3681640625 0.0947265625 0.0751953125
0 0.4453125 0.3740234375 0.0888671875 0.0712890625
0 0.560546875 0.3837890625 0.0908203125 0.07421875
0 0.720703125 0.3876953125 0.087890625 0.0712890625
1 0.255859375 0.369140625 0.029296875 0.06640625
1 0.2861328125 0.3671875 0.0263671875 0.056640625
1 0.3154296875 0.3681640625 0.0263671875 0.0546875
1 0.416015625 0.3759765625 0.0234375 0.05859375
1 0.447265625 0.3759765625 0.0224609375 0.060546875
1 0.474609375 0.3759765625 0.0234375 0.0517578125
1 0.53125 0.3818359375 0.0234375 0.0517578125
1 0.560546875 0.3837890625 0.021484375 0.060546875
1 0.5908203125 0.3837890625 0.0244140625 0.052734375
1 0.6904296875 0.3876953125 0.0205078125 0.0556640625
1 0.720703125 0.3916015625 0.0224609375 0.05859375
1 0.7490234375 0.388671875 0.0205078125 0.0556640625
