0 0.1826171875 0.3681640625 0.12109375 0.1201171875
0 0.3857421875 0.37109375 0.12109375 0.1044921875
0 0.5263671875 0.3759765625 0.1083984375 0.099609375
0 0.71484375 0.380859375 0.109375 0.099609375
1 0.1484375 0.3662109375 0.0419921875 0.0927734375
1 0.1845703125 0.37109375 0.03125 0.0810546875
1 0.2236328125 0.3662109375 0.03515625 0.07421875
1 0.349609375 0.3701171875 0.03515625 0.0791015625
1 0.3857421875 0.369140625 0.0322265625 0.0712890625
1 0.4228515625 0.37109375 0.0322265625 0.076171875
1 0.4931640625 0.3701171875 0.0302734375 0.0693359375
1 0.529296875 0.376953125 0.02734375 0.0791015625
1 0.564453125 0.3759765625 0.0302734375 0.0712890625
1 0.6826171875 0.3828125 0.03125 0.0712890625
1 0.7138671875 0.3798828125 0.0322265625 0.0791015625
1 0.7470703125 0.375 0.03125 0.0693359375
