0 0.2890625 0.3603515625 0.099609375 0.091796875
0 0.443359375 0.365234375 0.1015625 0.0869140625
0 0.5634765625 0.3818359375 0.0986328125 0.0732421875
0 0.7255859375 0.3837890625 0.0927734375 0.0732421875
1 0.2587890625 0.3623046875 0.0322265625 0.07421875
1 0.287109375 0.36328125 0.0263671875 0.07421875
1 0.31640625 0.369140625 0.0341796875 0.0673828125
1 0.4169921875 0.373046875 0.0302734375 0.0634765625
1 0.44921875 0.3720703125 0.025390625 0.0615234375
1 0.4765625 0.37109375 0.025390625 0.064453125
1 0.5361328125 0.384765625 0.029296875 0.0615234375
1 0.56640625 0.3857421875 0.0244140625 0.05859375
1 0.59765625 0.3828125 0.0244140625 0.0615234375
1 0.693359375 0.3837890625 0.0244140625 0.0576171875
1 0.7236328125 0.3857421875 0.0263671875 0.0576171875
1 0.75390625 0.3857421875 0.02734375 0.060546875
