0 0.27734375 0.2119140625 0.115234375 0.0791015625
0 0.478515625 0.2119140625 0.109375 0.0751953125
0 0.625 0.21875 0.1044921875 0.0791015625
0 0.8271484375 0.220703125 0.111328125 0.0712890625
1 0.2431640625 0.2119140625 0.0380859375 0.064453125
1 0.2783203125 0.205078125 0.0322265625 0.0546875
1 0.31640625 0.205078125 0.029296875 0.056640625
1 0.4404296875 0.2109375 0.029296875 0.0556640625
1 0.4765625 0.2109375 0.0283203125 0.0537109375
1 0.5185546875 0.2138671875 0.0302734375 0.056640625
1 0.5869140625 0.220703125 0.0263671875 0.060546875
1 0.6240234375 0.2177734375 0.0244140625 0.0576171875
1 0.6611328125 0.2138671875 0.0263671875 0.0517578125
1 0.7890625 0.2216796875 0.02734375 0.0634765625
1 0.822265625 0.22265625 0.037109375 0.0634765625
1 0.86328125 0.2158203125 0.0341796875 0.0556640625
