0 0.1689453125 0.4462890625 0.125 0.1064453125
0 0.3828125 0.4599609375 0.1298828125 0.1044921875
0 0.5283203125 0.451171875 0.125 0.111328125
0 0.7373046875 0.4482421875 0.1318359375 0.0947265625
1 0.1357421875 0.4521484375 0.0400390625 0.076171875
1 0.1748046875 0.451171875 0.0380859375 0.0791015625
1 0.2119140625 0.4482421875 0.0322265625 0.076171875
1 0.33984375 0.4541015625 0.0341796875 0.0791015625
1 0.376953125 0.4580078125 0.0322265625 0.07421875
1 0.4189453125 0.455078125 0.0390625 0.0712890625
1 0.4873046875 0.4462890625 0.03515625 0.0830078125
1 0.5283203125 0.4560546875 0.0302734375 0.07421875
1 0.5693359375 0.4443359375 0.0341796875 0.0830078125
1 0.697265625 0.44921875 0.0380859375 0.0791015625
1 0.7421875 0.4521484375 0.03125 0.0859375
1 0.78125 0.4541015625 0.0283203125 0.0791015625
