0 0.1845703125 0.3662109375 0.1318359375 0.1201171875
0 0.3935546875 0.36328125 0.125 0.111328125
0 0.5322265625 0.375 0.10546875 0.1064453125
0 0.7216796875 0.3798828125 0.109375 0.1015625
1 0.1455078125 0.37109375 0.0458984375 0.0947265625
1 0.1845703125 0.3759765625 0.0390625 0.0947265625
1 0.2236328125 0.3662109375 0.0419921875 0.0927734375
1 0.3525390625 0.3740234375 0.0322265625 0.0810546875
1 0.3857421875 0.3642578125 0.03515625 0.0810546875
1 0.427734375 0.373046875 0.04296875 0.07421875
1 0.498046875 0.3798828125 0.03515625 0.0830078125
1 0.53125 0.3818359375 0.0341796875 0.0830078125
1 0.5673828125 0.3798828125 0.0283203125 0.0791015625
1 0.68359375 0.3818359375 0.0283203125 0.0830078125
1 0.7197265625 0.3828125 0.0322265625 0.0810546875
1 0.7529296875 0.380859375 0.0361328125 0.0810546875
