0 0.1630859375 0.4677734375 0.12890625 0.09765625
0 0.3740234375 0.4697265625 0.1357421875 0.1015625
0 0.5302734375 0.4697265625 0.1318359375 0.1162109375
0 0.7646484375 0.4736328125 0.1279296875 0.11328125
1 0.1298828125 0.47265625 0.0439453125 0.07421875
1 0.1669921875 0.474609375 0.03515625 0.0791015625
1 0.2041015625 0.462890625 0.0361328125 0.0693359375
1 0.3349609375 0.4755859375 0.0419921875 0.0673828125
1 0.380859375 0.46484375 0.03515625 0.07421875
1 0.41796875 0.4736328125 0.0234375 0.0712890625
1 0.4931640625 0.4736328125 0.0419921875 0.08984375
1 0.53515625 0.46875 0.0341796875 0.076171875
1 0.5771484375 0.474609375 0.03125 0.0693359375
1 0.7158203125 0.474609375 0.0234375 0.07421875
1 0.75390625 0.46484375 0.0361328125 0.07421875
1 0.802734375 0.4755859375 0.0400390625 0.0859375
