0 0.3828125 0.7275390625 0.087890625 0.0751953125
0 0.529296875 0.759765625 0.0849609375 0.0849609375
0 0.658203125 0.7783203125 0.0546875 0.0908203125
0 0.8017578125 0.7958984375 0.0849609375 0.1044921875
1 0.353515625 0.7333984375 0.0205078125 0.0615234375
1 0.3798828125 0.7294921875 0.0224609375 0.0634765625
1 0.4091796875 0.732421875 0.01953125 0.056640625
1 0.5009765625 0.751953125 0.0185546875 0.060546875
1 0.529296875 0.7587890625 0.0205078125 0.0556640625
1 0.5556640625 0.759765625 0.02734375 0.0537109375
1 0.6455078125 0.767578125 0.01953125 0.0537109375
1 0.671875 0.77734375 0.017578125 0.060546875
1 0.771484375 0.7861328125 0.0205078125 0.060546875
1 0.7978515625 0.7978515625 0.0185546875 0.0556640625
1 0.830078125 0.8046875 0.025390625 0.060546875
1 0.658203 0.778320 0.015625 0.060547
