0 0.1923828125 0.2490234375 0.1533203125 0.1455078125
0 0.423828125 0.2734375 0.12890625 0.125
0 0.5751953125 0.2958984375 0.125 0.111328125
0 0.7802734375 0.318359375 0.109375 0.0947265625
1 0.1513671875 0.2490234375 0.0498046875 0.1044921875
1 0.1953125 0.2548828125 0.0341796875 0.087890625
1 0.2392578125 0.26171875 0.0380859375 0.0830078125
1 0.380859375 0.2744140625 0.0322265625 0.0859375
1 0.4189453125 0.2744140625 0.0341796875 0.0810546875
1 0.462890625 0.283203125 0.03515625 0.0810546875
1 0.53515625 0.2900390625 0.03125 0.076171875
1 0.5771484375 0.30078125 0.0361328125 0.0791015625
1 0.6162109375 0.306640625 0.03125 0.076171875
1 0.7421875 0.3193359375 0.0263671875 0.07421875
1 0.7763671875 0.31640625 0.0322265625 0.0712890625
1 0.8115234375 0.3232421875 0.0322265625 0.0712890625
