0 0.2314453125 0.6953125 0.12109375 0.123046875
0 0.41015625 0.6123046875 0.109375 0.1083984375
0 0.5341796875 0.55859375 0.1015625 0.1083984375
0 0.6923828125 0.4814453125 0.0888671875 0.111328125
1 0.1962890625 0.7109375 0.0419921875 0.0693359375
1 0.23046875 0.6923828125 0.0361328125 0.060546875
1 0.267578125 0.6796875 0.0380859375 0.0712890625
1 0.3759765625 0.6318359375 0.0322265625 0.060546875
1 0.41015625 0.6083984375 0.03125 0.064453125
1 0.4423828125 0.6025390625 0.0283203125 0.0625
1 0.5029296875 0.5732421875 0.0283203125 0.0712890625
1 0.53515625 0.5634765625 0.0283203125 0.0625
1 0.5634765625 0.5439453125 0.0283203125 0.060546875
1 0.6630859375 0.49609375 0.0244140625 0.0576171875
1 0.6923828125 0.482421875 0.0302734375 0.0576171875
1 0.7197265625 0.466796875 0.0234375 0.0576171875
