0 0.255859375 0.2294921875 0.12109375 0.1015625
0 0.45703125 0.2265625 0.11328125 0.1015625
0 0.6044921875 0.2294921875 0.11328125 0.09375
0 0.806640625 0.2275390625 0.109375 0.0751953125
1 0.2177734375 0.228515625 0.03515625 0.0771484375
1 0.25390625 0.2294921875 0.0361328125 0.087890625
1 0.419921875 0.23046875 0.02734375 0.087890625
1 0.2958984375 0.2265625 0.0283203125 0.0712890625
1 0.4599609375 0.2314453125 0.025390625 0.07421875
1 0.498046875 0.2294921875 0.0283203125 0.06640625
1 0.56640625 0.2314453125 0.02734375 0.064453125
1 0.6044921875 0.2353515625 0.0205078125 0.0751953125
1 0.6416015625 0.2275390625 0.02734375 0.0634765625
1 0.7705078125 0.2314453125 0.025390625 0.0615234375
1 0.8017578125 0.228515625 0.03125 0.07421875
1 0.83984375 0.2275390625 0.03125 0.072265625
