0 0.1611328125 0.4990234375 0.1298828125 0.1123046875
0 0.4228515625 0.5361328125 0.044921875 0.0908203125
0 0.533203125 0.556640625 0.1171875 0.1162109375
0 0.751953125 0.59375 0.1171875 0.103515625
1 0.1201171875 0.49609375 0.03515625 0.0908203125
1 0.162109375 0.5029296875 0.03515625 0.080078125
1 0.201171875 0.5087890625 0.0302734375 0.0712890625
1 0.423828125 0.5419921875 0.02734375 0.0751953125
1 0.49609375 0.55078125 0.029296875 0.0830078125
1 0.5380859375 0.5595703125 0.0302734375 0.08203125
1 0.57421875 0.56640625 0.02734375 0.07421875
1 0.71484375 0.59375 0.02734375 0.0791015625
1 0.7509765625 0.595703125 0.029296875 0.0771484375
1 0.7900390625 0.6025390625 0.0302734375 0.06640625
1 0.409375 0.536133 0.012835 0.060547
1 0.436328 0.536133 0.012835 0.060547
