0 0.2919921875 0.388671875 0.09375 0.0791015625
0 0.4580078125 0.38671875 0.0986328125 0.0810546875
0 0.576171875 0.38671875 0.099609375 0.0791015625
0 0.748046875 0.3896484375 0.095703125 0.078125
1 0.26171875 0.3876953125 0.03125 0.0576171875
1 0.2919921875 0.3857421875 0.02734375 0.0625
1 0.322265625 0.392578125 0.0244140625 0.0576171875
1 0.4267578125 0.3896484375 0.0244140625 0.0673828125
1 0.4521484375 0.38671875 0.02734375 0.0693359375
1 0.4873046875 0.38671875 0.02734375 0.06640625
1 0.5439453125 0.388671875 0.02734375 0.05859375
1 0.576171875 0.3935546875 0.0283203125 0.0546875
1 0.607421875 0.3876953125 0.0263671875 0.052734375
1 0.7138671875 0.3896484375 0.021484375 0.0546875
1 0.7470703125 0.3896484375 0.0234375 0.0595703125
1 0.7783203125 0.390625 0.02734375 0.060546875
