0 0.296875 0.435546875 0.08984375 0.0830078125
0 0.44921875 0.443359375 0.0869140625 0.0751953125
0 0.5615234375 0.443359375 0.0849609375 0.0791015625
0 0.71484375 0.4580078125 0.087890625 0.0771484375
1 0.2685546875 0.435546875 0.02734375 0.06640625
1 0.2978515625 0.4384765625 0.02734375 0.0615234375
1 0.326171875 0.435546875 0.0234375 0.0634765625
1 0.421875 0.4404296875 0.0263671875 0.056640625
1 0.4482421875 0.44140625 0.021484375 0.0556640625
1 0.4765625 0.443359375 0.0244140625 0.0556640625
1 0.5341796875 0.4453125 0.0205078125 0.0537109375
1 0.560546875 0.4501953125 0.0205078125 0.0615234375
1 0.5888671875 0.4482421875 0.0244140625 0.056640625
1 0.68359375 0.455078125 0.017578125 0.0556640625
1 0.712890625 0.4580078125 0.0224609375 0.05078125
1 0.740234375 0.4609375 0.0263671875 0.060546875
