0 0.0888671875 0.408203125 0.1396484375 0.150390625
0 0.3291015625 0.5 0.1396484375 0.1435546875
0 0.5029296875 0.5634765625 0.1376953125 0.150390625
0 0.748046875 0.66015625 0.1337890625 0.1484375
1 0.0478515625 0.3896484375 0.0419921875 0.0947265625
1 0.0908203125 0.41015625 0.0419921875 0.087890625
1 0.1357421875 0.423828125 0.0390625 0.09765625
1 0.2802734375 0.48046875 0.0380859375 0.0947265625
1 0.3271484375 0.4931640625 0.0390625 0.0830078125
1 0.3701171875 0.5126953125 0.0361328125 0.0947265625
1 0.4580078125 0.5439453125 0.03125 0.0791015625
1 0.5009765625 0.564453125 0.0390625 0.0830078125
1 0.546875 0.5849609375 0.0361328125 0.08984375
1 0.7021484375 0.638671875 0.0322265625 0.087890625
1 0.7470703125 0.6650390625 0.0400390625 0.0947265625
1 0.7919921875 0.685546875 0.0419921875 0.0927734375
