0 0.2109375 0.435546875 0.123046875 0.1123046875
0 0.4697265625 0.4716796875 0.0419921875 0.1005859375
0 0.5869140625 0.49609375 0.1162109375 0.1279296875
0 0.80078125 0.5224609375 0.1162109375 0.1123046875
1 0.171875 0.42578125 0.03515625 0.0830078125
1 0.2109375 0.4296875 0.03125 0.0908203125
1 0.25390625 0.439453125 0.03515625 0.0859375
1 0.4716796875 0.470703125 0.0341796875 0.0771484375
1 0.5498046875 0.482421875 0.0283203125 0.0791015625
1 0.5859375 0.494140625 0.0302734375 0.087890625
1 0.626953125 0.5068359375 0.025390625 0.0849609375
1 0.7607421875 0.513671875 0.025390625 0.0712890625
1 0.798828125 0.5166015625 0.0283203125 0.080078125
1 0.8388671875 0.5234375 0.03125 0.08203125
1 0.457129 0.471680 0.011998 0.067057
1 0.482324 0.471680 0.011998 0.067057
