0 0.2890625 0.5126953125 0.0400390625 0.09375
0 0.419921875 0.5517578125 0.0986328125 0.1064453125
0 0.5478515625 0.58984375 0.1064453125 0.1044921875
0 0.7421875 0.6513671875 0.1083984375 0.111328125
1 0.2900390625 0.517578125 0.02734375 0.06640625
1 0.390625 0.5458984375 0.0244140625 0.0693359375
1 0.4208984375 0.5537109375 0.0263671875 0.0693359375
1 0.451171875 0.564453125 0.025390625 0.072265625
1 0.513671875 0.5771484375 0.0263671875 0.068359375
1 0.546875 0.59375 0.025390625 0.068359375
1 0.58203125 0.59765625 0.0263671875 0.07421875
1 0.7041015625 0.638671875 0.0234375 0.068359375
1 0.7412109375 0.6533203125 0.0244140625 0.0791015625
1 0.7783203125 0.6640625 0.0263671875 0.07421875
1 0.277051 0.512695 0.011440 0.062500
1 0.301074 0.512695 0.011440 0.062500
