0 0.2314453125 0.1455078125 0.12109375 0.1064453125
0 0.4208984375 0.15234375 0.1123046875 0.0927734375
0 0.55859375 0.16015625 0.0986328125 0.0986328125
0 0.7353515625 0.1689453125 0.111328125 0.087890625
1 0.197265625 0.1455078125 0.0419921875 0.0791015625
1 0.236328125 0.1484375 0.025390625 0.0859375
1 0.2705078125 0.14453125 0.0341796875 0.072265625
1 0.3837890625 0.1533203125 0.0322265625 0.0791015625
1 0.421875 0.15234375 0.0234375 0.0751953125
1 0.455078125 0.1552734375 0.0244140625 0.087890625
1 0.5234375 0.158203125 0.025390625 0.06640625
1 0.5556640625 0.16796875 0.025390625 0.0712890625
1 0.5927734375 0.1650390625 0.0244140625 0.068359375
1 0.705078125 0.169921875 0.021484375 0.0712890625
1 0.7392578125 0.1728515625 0.0322265625 0.0615234375
1 0.7724609375 0.1748046875 0.0244140625 0.0556640625
