0 0.1884765625 0.3388671875 0.1240234375 0.1181640625
0 0.392578125 0.3525390625 0.12109375 0.1083984375
0 0.53515625 0.3583984375 0.1142578125 0.087890625
0 0.7275390625 0.3583984375 0.1044921875 0.09765625
1 0.15234375 0.3447265625 0.0419921875 0.0927734375
1 0.19140625 0.3486328125 0.0341796875 0.076171875
1 0.2265625 0.345703125 0.0341796875 0.0810546875
1 0.35546875 0.35546875 0.0341796875 0.0810546875
1 0.3916015625 0.3486328125 0.03125 0.0810546875
1 0.4306640625 0.3515625 0.0341796875 0.064453125
1 0.5 0.3603515625 0.0283203125 0.0625
1 0.5361328125 0.361328125 0.0283203125 0.064453125
1 0.572265625 0.3583984375 0.0302734375 0.0693359375
1 0.693359375 0.3603515625 0.02734375 0.0625
1 0.724609375 0.3603515625 0.0302734375 0.0712890625
1 0.76171875 0.36328125 0.03125 0.07421875
