0 0.265625 0.193359375 0.140625 0.1015625
0 0.4716796875 0.1904296875 0.125 0.09765625
0 0.6259765625 0.1962890625 0.11328125 0.08984375
0 0.833984375 0.193359375 0.12109375 0.09375
1 0.2294921875 0.20703125 0.0419921875 0.068359375
1 0.2685546875 0.19921875 0.0390625 0.080078125
1 0.306640625 0.193359375 0.0400390625 0.07421875
1 0.4326171875 0.1962890625 0.0341796875 0.0751953125
1 0.4716796875 0.1982421875 0.037109375 0.06640625
1 0.513671875 0.2060546875 0.02734375 0.0634765625
1 0.5859375 0.205078125 0.0302734375 0.068359375
1 0.6240234375 0.2001953125 0.029296875 0.06640625
1 0.6630859375 0.2001953125 0.02734375 0.072265625
1 0.7978515625 0.2080078125 0.0341796875 0.068359375
1 0.833984375 0.2001953125 0.03515625 0.0712890625
1 0.8720703125 0.2001953125 0.0322265625 0.0693359375
