0 0.2119140625 0.4130859375 0.1279296875 0.1123046875
0 0.470703125 0.453125 0.05078125 0.1162109375
0 0.5888671875 0.482421875 0.126953125 0.109375
0 0.8037109375 0.5166015625 0.115234375 0.111328125
1 0.169921875 0.4208984375 0.03125 0.0908203125
1 0.212890625 0.4228515625 0.0322265625 0.0859375
1 0.255859375 0.4296875 0.0302734375 0.072265625
1 0.470703125 0.4599609375 0.0341796875 0.0927734375
1 0.5478515625 0.474609375 0.0283203125 0.072265625
1 0.591796875 0.486328125 0.025390625 0.0927734375
1 0.6279296875 0.4853515625 0.03125 0.072265625
1 0.7626953125 0.505859375 0.029296875 0.0771484375
1 0.796875 0.513671875 0.0380859375 0.068359375
1 0.83984375 0.525390625 0.025390625 0.0751953125
1 0.455469 0.453125 0.014509 0.077474
1 0.485938 0.453125 0.014509 0.077474
