0 0.2265625 0.548828125 0.087890625 0.103515625
0 0.45703125 0.5390625 0.1240234375 0.087890625
0 0.599609375 0.529296875 0.1181640625 0.1044921875
0 0.80859375 0.5205078125 0.1025390625 0.095703125
1 0.2109375 0.5537109375 0.0419921875 0.080078125
1 0.2509765625 0.546875 0.0234375 0.072265625
1 0.41796875 0.5419921875 0.0263671875 0.0693359375
1 0.4580078125 0.5419921875 0.02734375 0.07421875
1 0.4931640625 0.5390625 0.0224609375 0.0859375
1 0.56640625 0.5283203125 0.0322265625 0.087890625
1 0.6044921875 0.5224609375 0.0244140625 0.0751953125
1 0.642578125 0.5234375 0.0234375 0.064453125
1 0.7734375 0.51171875 0.021484375 0.056640625
1 0.8076171875 0.51953125 0.0234375 0.072265625
1 0.84375 0.515625 0.0244140625 0.07421875
1 0.226562 0.548828 0.025112 0.069010
