0 0.3583984375 0.5498046875 0.064453125 0.0849609375
0 0.5439453125 0.5625 0.0986328125 0.10546875
0 0.67578125 0.5830078125 0.10546875 0.0966796875
0 0.8701171875 0.6005859375 0.1123046875 0.10546875
1 0.345703125 0.548828125 0.025390625 0.068359375
1 0.375 0.55078125 0.0234375 0.0595703125
1 0.5107421875 0.560546875 0.0234375 0.068359375
1 0.544921875 0.568359375 0.0224609375 0.0712890625
1 0.57421875 0.568359375 0.02734375 0.0634765625
1 0.642578125 0.5771484375 0.0283203125 0.060546875
1 0.6748046875 0.5830078125 0.0263671875 0.0546875
1 0.7109375 0.5888671875 0.025390625 0.0673828125
1 0.8330078125 0.59765625 0.02734375 0.068359375
1 0.8681640625 0.6025390625 0.0244140625 0.068359375
1 0.9072265625 0.6103515625 0.0322265625 0.064453125
1 0.358398 0.549805 0.018415 0.056641
