0 0.1875 0.5439453125 0.107421875 0.1318359375
0 0.369140625 0.5732421875 0.1142578125 0.1181640625
0 0.5302734375 0.5810546875 0.1318359375 0.111328125
0 0.7724609375 0.6103515625 0.1484375 0.123046875
1 0.1513671875 0.53125 0.02734375 0.0947265625
1 0.33203125 0.552734375 0.0322265625 0.0517578125
1 0.181640625 0.5478515625 0.03125 0.0771484375
1 0.212890625 0.5576171875 0.03515625 0.0830078125
1 0.3701171875 0.5712890625 0.0341796875 0.08203125
1 0.4130859375 0.572265625 0.02734375 0.0849609375
1 0.48828125 0.572265625 0.0283203125 0.0673828125
1 0.529296875 0.5859375 0.0341796875 0.0712890625
1 0.5751953125 0.5888671875 0.0322265625 0.08203125
1 0.7236328125 0.599609375 0.0390625 0.08203125
1 0.771484375 0.6201171875 0.0302734375 0.09765625
1 0.8212890625 0.62109375 0.03515625 0.0859375
