0 0.171875 0.5615234375 0.1220703125 0.1142578125
0 0.41015625 0.5849609375 0.0859375 0.0927734375
0 0.55078125 0.59765625 0.115234375 0.1015625
0 0.7744140625 0.630859375 0.1171875 0.103515625
1 0.1328125 0.55859375 0.0341796875 0.08984375
1 0.1728515625 0.5595703125 0.029296875 0.08203125
1 0.21484375 0.5693359375 0.02734375 0.0771484375
1 0.388671875 0.5859375 0.033203125 0.06640625
1 0.43359375 0.587890625 0.0263671875 0.0712890625
1 0.51171875 0.5966796875 0.0244140625 0.072265625
1 0.552734375 0.5986328125 0.021484375 0.0859375
1 0.591796875 0.6015625 0.025390625 0.080078125
1 0.7314453125 0.6201171875 0.02734375 0.07421875
1 0.76953125 0.6298828125 0.025390625 0.0830078125
1 0.8134765625 0.6328125 0.03125 0.0830078125
1 0.410156 0.584961 0.024554 0.061849
