0 0.2138671875 0.4208984375 0.1259765625 0.1123046875
0 0.4697265625 0.46875 0.0390625 0.09375
0 0.5849609375 0.482421875 0.1220703125 0.1123046875
0 0.80078125 0.5087890625 0.1181640625 0.1123046875
1 0.173828125 0.4208984375 0.029296875 0.09765625
1 0.21484375 0.4296875 0.03515625 0.0751953125
1 0.25390625 0.42578125 0.0380859375 0.0830078125
1 0.470703125 0.46875 0.02734375 0.08203125
1 0.5478515625 0.474609375 0.03125 0.08203125
1 0.5869140625 0.4873046875 0.02734375 0.0771484375
1 0.6259765625 0.494140625 0.0283203125 0.080078125
1 0.763671875 0.505859375 0.02734375 0.08984375
1 0.7998046875 0.505859375 0.0283203125 0.095703125
1 0.83984375 0.5166015625 0.03125 0.08203125
1 0.458008 0.468750 0.011161 0.062500
1 0.481445 0.468750 0.011161 0.062500
