0 0.1982421875 0.537109375 0.109375 0.1015625
0 0.3896484375 0.5234375 0.1064453125 0.09765625
0 0.5146484375 0.517578125 0.0947265625 0.0810546875
0 0.6728515625 0.5048828125 0.0908203125 0.07421875
1 0.16015625 0.5380859375 0.03125 0.0859375
1 0.193359375 0.5361328125 0.02734375 0.076171875
1 0.2353515625 0.53125 0.02734375 0.0625
1 0.3525390625 0.5224609375 0.0263671875 0.0712890625
1 0.3876953125 0.5205078125 0.0234375 0.0693359375
1 0.4208984375 0.5166015625 0.03515625 0.0556640625
1 0.482421875 0.5166015625 0.02734375 0.060546875
1 0.515625 0.517578125 0.0234375 0.0537109375
1 0.5478515625 0.513671875 0.0244140625 0.060546875
1 0.6416015625 0.505859375 0.01953125 0.0576171875
1 0.6689453125 0.505859375 0.0263671875 0.0576171875
1 0.7001953125 0.50390625 0.02734375 0.0576171875
