0 0.1572265625 0.3896484375 0.11328125 0.123046875
0 0.3623046875 0.4814453125 0.1162109375 0.1298828125
0 0.5126953125 0.544921875 0.1123046875 0.126953125
0 0.7265625 0.626953125 0.1142578125 0.1337890625
1 0.119140625 0.37890625 0.0322265625 0.0810546875
1 0.15625 0.3955078125 0.0361328125 0.064453125
1 0.1923828125 0.408203125 0.0341796875 0.076171875
1 0.3212890625 0.462890625 0.0283203125 0.0830078125
1 0.361328125 0.4794921875 0.0302734375 0.0830078125
1 0.400390625 0.494140625 0.0322265625 0.0810546875
1 0.4755859375 0.52734375 0.03125 0.0693359375
1 0.5126953125 0.54296875 0.0283203125 0.076171875
1 0.5517578125 0.564453125 0.02734375 0.0791015625
1 0.6865234375 0.6162109375 0.02734375 0.0927734375
1 0.7265625 0.6328125 0.03125 0.0810546875
1 0.7646484375 0.6494140625 0.0341796875 0.076171875
