1 0.2041015625 0.1494140625 0.0361328125 0.076171875
1 0.2373046875 0.15234375 0.0322265625 0.0791015625
1 0.2724609375 0.1474609375 0.0263671875 0.0693359375
1 0.3857421875 0.150390625 0.0263671875 0.0791015625
1 0.4208984375 0.15625 0.0234375 0.0634765625
1 0.4580078125 0.15625 0.0244140625 0.05859375
1 0.5205078125 0.166015625 0.0244140625 0.0634765625
1 0.5595703125 0.1630859375 0.025390625 0.0693359375
1 0.591796875 0.1640625 0.02734375 0.064453125
1 0.70703125 0.1748046875 0.02734375 0.056640625
1 0.73828125 0.17578125 0.02734375 0.064453125
1 0.7685546875 0.177734375 0.025390625 0.064453125
0 0.2373046875 0.1474609375 0.1083984375 0.09375
0 0.421875 0.1494140625 0.103515625 0.1015625
0 0.55859375 0.15625 0.10546875 0.1064453125
0 0.73828125 0.1708984375 0.0927734375 0.09375