1 0.2431640625 0.5673828125 0.0341796875 0.0908203125
1 0.4365234375 0.591796875 0.0205078125 0.076171875
1 0.47265625 0.595703125 0.03125 0.0869140625
1 0.5146484375 0.60546875 0.033203125 0.0703125
1 0.5830078125 0.6103515625 0.0244140625 0.072265625
1 0.6240234375 0.6201171875 0.0224609375 0.0849609375
1 0.6630859375 0.6259765625 0.0244140625 0.07421875
1 0.8037109375 0.6552734375 0.0244140625 0.06640625
1 0.8408203125 0.65234375 0.025390625 0.080078125
1 0.87890625 0.654296875 0.02734375 0.0830078125
0 0.2431640625 0.5634765625 0.0556640625 0.10546875
0 0.4775390625 0.5927734375 0.10546875 0.099609375
0 0.6279296875 0.6220703125 0.1279296875 0.115234375
0 0.841796875 0.6552734375 0.123046875 0.0966796875