1 0.201171875 0.1416015625 0.0380859375 0.07421875
1 0.2373046875 0.1396484375 0.0361328125 0.0712890625
1 0.271484375 0.142578125 0.02734375 0.0712890625
1 0.3896484375 0.15234375 0.0302734375 0.064453125
1 0.4228515625 0.15625 0.03125 0.0712890625
1 0.45703125 0.158203125 0.0283203125 0.0673828125
1 0.5244140625 0.162109375 0.0263671875 0.064453125
1 0.5595703125 0.1669921875 0.0263671875 0.0693359375
1 0.5966796875 0.1669921875 0.0283203125 0.064453125
1 0.7060546875 0.1748046875 0.0234375 0.0673828125
1 0.7373046875 0.17578125 0.0302734375 0.064453125
1 0.7724609375 0.1796875 0.0283203125 0.0625
0 0.234375 0.1396484375 0.109375 0.0947265625
0 0.4248046875 0.158203125 0.1044921875 0.08984375
0 0.5615234375 0.1650390625 0.10546875 0.0859375
0 0.7392578125 0.1796875 0.0986328125 0.0859375