1 0.171875 0.427734375 0.0341796875 0.0830078125
1 0.2138671875 0.431640625 0.0361328125 0.080078125
1 0.25390625 0.4404296875 0.03125 0.0849609375
1 0.470703125 0.4697265625 0.0341796875 0.0849609375
1 0.548828125 0.482421875 0.0380859375 0.0693359375
1 0.583984375 0.4931640625 0.029296875 0.0791015625
1 0.6259765625 0.49609375 0.025390625 0.0751953125
1 0.7646484375 0.5126953125 0.029296875 0.0791015625
1 0.796875 0.5205078125 0.025390625 0.080078125
1 0.8349609375 0.5244140625 0.033203125 0.080078125
0 0.2119140625 0.4287109375 0.126953125 0.1279296875
0 0.470703125 0.4677734375 0.0400390625 0.1083984375
0 0.5849609375 0.486328125 0.1201171875 0.111328125
0 0.802734375 0.51953125 0.1123046875 0.103515625