1 0.1435546875 0.1767578125 0.0322265625 0.0673828125
1 0.1748046875 0.1787109375 0.0302734375 0.07421875
1 0.2080078125 0.1884765625 0.0263671875 0.0712890625
1 0.3134765625 0.2177734375 0.03125 0.0693359375
1 0.3486328125 0.224609375 0.02734375 0.0693359375
1 0.37890625 0.2373046875 0.0361328125 0.076171875
1 0.443359375 0.25 0.0244140625 0.0693359375
1 0.4755859375 0.2705078125 0.0283203125 0.0791015625
1 0.51171875 0.2724609375 0.03125 0.0673828125
1 0.6220703125 0.2998046875 0.02734375 0.0712890625
1 0.65625 0.310546875 0.0263671875 0.0791015625
1 0.689453125 0.3173828125 0.0244140625 0.07421875
0 0.17578125 0.1806640625 0.1015625 0.09765625
0 0.3486328125 0.2294921875 0.1064453125 0.1201171875
0 0.4794921875 0.26171875 0.1025390625 0.1162109375
0 0.6533203125 0.30859375 0.1044921875 0.1181640625