1 0.3486328125 0.5556640625 0.0205078125 0.0771484375
1 0.3759765625 0.560546875 0.02734375 0.0634765625
1 0.51171875 0.5751953125 0.0234375 0.0771484375
1 0.5439453125 0.5791015625 0.01953125 0.0791015625
1 0.576171875 0.5771484375 0.02734375 0.0712890625
1 0.6416015625 0.5859375 0.0234375 0.0634765625
1 0.67578125 0.6005859375 0.021484375 0.0556640625
1 0.7099609375 0.5986328125 0.0224609375 0.0615234375
1 0.8330078125 0.61328125 0.0224609375 0.0634765625
1 0.8662109375 0.6181640625 0.025390625 0.0693359375
1 0.9052734375 0.6240234375 0.0302734375 0.06640625
0 0.36328125 0.5576171875 0.0595703125 0.0908203125
0 0.5458984375 0.5771484375 0.09765625 0.0986328125
0 0.6767578125 0.59375 0.1015625 0.09765625
0 0.8720703125 0.619140625 0.10546875 0.0908203125