1 0.1474609375 0.1650390625 0.0341796875 0.076171875
1 0.181640625 0.173828125 0.0322265625 0.07421875
1 0.2119140625 0.185546875 0.0283203125 0.060546875
1 0.3173828125 0.2109375 0.03125 0.07421875
1 0.3505859375 0.224609375 0.03515625 0.0556640625
1 0.38671875 0.2255859375 0.0234375 0.0673828125
1 0.4521484375 0.248046875 0.0361328125 0.0693359375
1 0.482421875 0.263671875 0.03515625 0.0693359375
1 0.5205078125 0.2724609375 0.0263671875 0.0712890625
1 0.6298828125 0.2958984375 0.0263671875 0.0693359375
1 0.6650390625 0.306640625 0.0244140625 0.0673828125
1 0.7001953125 0.3134765625 0.0263671875 0.0712890625
0 0.1806640625 0.169921875 0.1083984375 0.1083984375
0 0.3515625 0.212890625 0.1064453125 0.1064453125
0 0.484375 0.2568359375 0.1123046875 0.1201171875
0 0.6669921875 0.3046875 0.10546875 0.1044921875