1 0.2197265625 0.24609375 0.0390625 0.0908203125
1 0.2587890625 0.244140625 0.02734375 0.08203125
1 0.2958984375 0.2451171875 0.03125 0.05859375
0 0.2578125 0.25 0.1259765625 0.0986328125
1 0.421875 0.24609375 0.0302734375 0.072265625
1 0.45703125 0.2392578125 0.0263671875 0.068359375
1 0.4921875 0.2529296875 0.033203125 0.07421875
1 0.5654296875 0.2421875 0.0263671875 0.07421875
1 0.6005859375 0.2548828125 0.0205078125 0.080078125
1 0.642578125 0.2412109375 0.029296875 0.0693359375
1 0.759765625 0.2412109375 0.025390625 0.0693359375
1 0.7978515625 0.2431640625 0.029296875 0.072265625
1 0.8359375 0.236328125 0.033203125 0.0712890625
0 0.4619140625 0.248046875 0.107421875 0.103515625
0 0.60546875 0.248046875 0.109375 0.109375
0 0.802734375 0.240234375 0.1162109375 0.0908203125