1 0.138671875 0.1728515625 0.037109375 0.080078125
1 0.1748046875 0.1865234375 0.02734375 0.07421875
1 0.2041015625 0.189453125 0.03125 0.0771484375
0 0.1669921875 0.1787109375 0.11328125 0.1171875
1 0.3115234375 0.21875 0.0322265625 0.0693359375
1 0.3447265625 0.224609375 0.0263671875 0.0751953125
1 0.376953125 0.2333984375 0.0263671875 0.068359375
0 0.3408203125 0.228515625 0.1044921875 0.0927734375
1 0.4423828125 0.25 0.025390625 0.064453125
1 0.4755859375 0.2666015625 0.025390625 0.06640625
1 0.509765625 0.2734375 0.0263671875 0.068359375
1 0.6181640625 0.3017578125 0.02734375 0.060546875
1 0.6533203125 0.310546875 0.029296875 0.064453125
1 0.6884765625 0.3193359375 0.029296875 0.064453125
0 0.4736328125 0.2626953125 0.103515625 0.103515625
0 0.654296875 0.3115234375 0.10546875 0.0927734375