1 0.203125 0.1376953125 0.0380859375 0.080078125
1 0.2392578125 0.1376953125 0.029296875 0.0859375
1 0.2666015625 0.140625 0.03515625 0.0830078125
1 0.390625 0.1611328125 0.029296875 0.0791015625
1 0.423828125 0.16015625 0.029296875 0.08203125
1 0.45703125 0.1533203125 0.025390625 0.0693359375
1 0.5234375 0.15625 0.025390625 0.0693359375
1 0.5576171875 0.162109375 0.03515625 0.07421875
1 0.595703125 0.1640625 0.0224609375 0.0791015625
1 0.7041015625 0.1640625 0.025390625 0.07421875
1 0.736328125 0.16796875 0.02734375 0.0771484375
1 0.7734375 0.1787109375 0.0263671875 0.06640625
0 0.232421875 0.1357421875 0.1171875 0.1015625
0 0.4228515625 0.1552734375 0.1123046875 0.0908203125
0 0.5546875 0.16015625 0.11328125 0.103515625
0 0.7373046875 0.1708984375 0.107421875 0.0986328125