1 0.236328125 0.20703125 0.04296875 0.0771484375
1 0.2734375 0.205078125 0.0322265625 0.0771484375
1 0.310546875 0.197265625 0.037109375 0.080078125
1 0.4375 0.2060546875 0.0341796875 0.08203125
1 0.4755859375 0.2080078125 0.0283203125 0.06640625
1 0.5146484375 0.21484375 0.0283203125 0.056640625
1 0.5849609375 0.2109375 0.02734375 0.06640625
1 0.62109375 0.2158203125 0.0263671875 0.0615234375
1 0.6611328125 0.2109375 0.0341796875 0.072265625
1 0.7939453125 0.2080078125 0.02734375 0.0751953125
1 0.828125 0.2080078125 0.02734375 0.0693359375
1 0.8671875 0.208984375 0.03515625 0.06640625
0 0.275390625 0.2060546875 0.1279296875 0.1123046875
0 0.474609375 0.2060546875 0.115234375 0.1005859375
0 0.625 0.2080078125 0.1171875 0.1005859375
0 0.8349609375 0.20703125 0.1201171875 0.1015625