1 0.3466796875 0.5390625 0.02734375 0.06640625
1 0.375 0.5419921875 0.01953125 0.060546875
1 0.5087890625 0.5595703125 0.025390625 0.072265625
1 0.5419921875 0.560546875 0.0234375 0.056640625
1 0.5732421875 0.5625 0.02734375 0.0791015625
1 0.638671875 0.5693359375 0.03515625 0.05859375
1 0.6767578125 0.5771484375 0.0224609375 0.0712890625
1 0.7099609375 0.580078125 0.02734375 0.0712890625
1 0.833984375 0.59375 0.01953125 0.064453125
1 0.8662109375 0.59765625 0.02734375 0.0712890625
1 0.9072265625 0.6005859375 0.0302734375 0.072265625
0 0.3583984375 0.5341796875 0.0634765625 0.0986328125
0 0.5390625 0.5625 0.103515625 0.1015625
0 0.673828125 0.578125 0.11328125 0.0927734375
0 0.873046875 0.5966796875 0.1103515625 0.0888671875