1 0.2099609375 0.23828125 0.04296875 0.087890625
1 0.2490234375 0.2333984375 0.0302734375 0.072265625
1 0.2880859375 0.236328125 0.02734375 0.080078125
1 0.41015625 0.2353515625 0.03515625 0.0751953125
1 0.44921875 0.236328125 0.029296875 0.068359375
1 0.486328125 0.2373046875 0.02734375 0.0712890625
1 0.556640625 0.2333984375 0.0322265625 0.072265625
1 0.595703125 0.2431640625 0.02734375 0.072265625
1 0.630859375 0.2392578125 0.0283203125 0.068359375
1 0.7568359375 0.234375 0.02734375 0.07421875
1 0.7919921875 0.2333984375 0.02734375 0.0751953125
1 0.830078125 0.2333984375 0.033203125 0.0634765625
0 0.24609375 0.2333984375 0.12109375 0.109375
0 0.44921875 0.234375 0.12109375 0.095703125
0 0.59375 0.2294921875 0.1123046875 0.1044921875
0 0.79296875 0.2333984375 0.1123046875 0.0927734375