1 0.2919921875 0.5166015625 0.025390625 0.056640625
1 0.3193359375 0.5166015625 0.0205078125 0.048828125
1 0.435546875 0.5224609375 0.025390625 0.0478515625
1 0.4638671875 0.521484375 0.01953125 0.0556640625
1 0.4892578125 0.525390625 0.0244140625 0.0478515625
1 0.541015625 0.5263671875 0.0205078125 0.0556640625
1 0.5654296875 0.5283203125 0.0244140625 0.0595703125
1 0.59375 0.5302734375 0.017578125 0.052734375
1 0.6845703125 0.53515625 0.021484375 0.056640625
1 0.7099609375 0.541015625 0.0205078125 0.0556640625
1 0.7353515625 0.53515625 0.0205078125 0.0595703125
0 0.3056640625 0.5146484375 0.060546875 0.0712890625
0 0.462890625 0.5224609375 0.08203125 0.07421875
0 0.56640625 0.5234375 0.0830078125 0.0849609375
0 0.7109375 0.533203125 0.083984375 0.0791015625