1 0.16796875 0.4189453125 0.04296875 0.087890625
1 0.2109375 0.42578125 0.044921875 0.0927734375
1 0.2470703125 0.4296875 0.04296875 0.0791015625
1 0.4716796875 0.46484375 0.029296875 0.0751953125
1 0.544921875 0.474609375 0.0302734375 0.0751953125
1 0.5869140625 0.4873046875 0.02734375 0.087890625
1 0.6220703125 0.498046875 0.03515625 0.0830078125
1 0.76171875 0.505859375 0.02734375 0.0849609375
1 0.798828125 0.5185546875 0.03125 0.08984375
1 0.8388671875 0.525390625 0.03125 0.0791015625
0 0.20703125 0.4248046875 0.1337890625 0.1142578125
0 0.4716796875 0.46484375 0.037109375 0.09765625
0 0.583984375 0.4892578125 0.1162109375 0.123046875
0 0.798828125 0.5166015625 0.1220703125 0.125