1 0.1728515625 0.4228515625 0.0361328125 0.0712890625
1 0.2080078125 0.4111328125 0.03125 0.076171875
1 0.2431640625 0.3876953125 0.0263671875 0.0673828125
1 0.3583984375 0.33984375 0.0341796875 0.064453125
1 0.38671875 0.3212890625 0.0263671875 0.060546875
1 0.419921875 0.3134765625 0.0302734375 0.0537109375
1 0.4765625 0.2890625 0.0263671875 0.064453125
1 0.5068359375 0.27734375 0.0244140625 0.064453125
1 0.5322265625 0.26171875 0.0205078125 0.0556640625
1 0.6201171875 0.224609375 0.0224609375 0.05078125
1 0.6455078125 0.212890625 0.0185546875 0.05078125
1 0.6708984375 0.2021484375 0.0205078125 0.048828125
0 0.2080078125 0.4013671875 0.1083984375 0.123046875
0 0.3896484375 0.3291015625 0.1064453125 0.1015625
0 0.5087890625 0.28125 0.1005859375 0.1044921875
0 0.6484375 0.212890625 0.0888671875 0.0830078125