1 0.1748046875 0.3955078125 0.0400390625 0.087890625
1 0.2099609375 0.37890625 0.0322265625 0.0712890625
1 0.2451171875 0.3662109375 0.0322265625 0.07421875
1 0.3642578125 0.3125 0.02734375 0.0791015625
1 0.3935546875 0.2978515625 0.0244140625 0.0810546875
1 0.4248046875 0.2880859375 0.0302734375 0.0712890625
1 0.48046875 0.2646484375 0.0263671875 0.0576171875
1 0.5087890625 0.2587890625 0.0234375 0.060546875
1 0.537109375 0.244140625 0.0224609375 0.0576171875
1 0.625 0.2001953125 0.0205078125 0.0537109375
1 0.6533203125 0.1962890625 0.0244140625 0.05078125
1 0.6767578125 0.18359375 0.0244140625 0.0576171875
0 0.2080078125 0.3828125 0.1171875 0.13671875
0 0.39453125 0.3037109375 0.0966796875 0.1201171875
0 0.5087890625 0.2587890625 0.09375 0.09765625
0 0.650390625 0.19140625 0.08203125 0.0859375