1 0.1923828125 0.509765625 0.033203125 0.0908203125
1 0.2275390625 0.513671875 0.03515625 0.0771484375
1 0.26171875 0.5205078125 0.03125 0.0791015625
1 0.4169921875 0.5458984375 0.0234375 0.072265625
1 0.4580078125 0.5537109375 0.029296875 0.0693359375
1 0.529296875 0.5615234375 0.0234375 0.07421875
1 0.5693359375 0.5693359375 0.021484375 0.0771484375
1 0.6142578125 0.57421875 0.0341796875 0.0927734375
1 0.7587890625 0.603515625 0.0263671875 0.0859375
1 0.8046875 0.615234375 0.033203125 0.0849609375
1 0.8515625 0.62109375 0.0361328125 0.087890625
0 0.224609375 0.513671875 0.1162109375 0.1201171875
0 0.4189453125 0.5458984375 0.11328125 0.087890625
0 0.5732421875 0.5673828125 0.1201171875 0.1123046875
0 0.8056640625 0.61328125 0.1376953125 0.1376953125