1 0.2060546875 0.154296875 0.0361328125 0.076171875
1 0.240234375 0.15234375 0.0322265625 0.0791015625
1 0.2763671875 0.150390625 0.02734375 0.07421875
1 0.3916015625 0.1513671875 0.03125 0.0810546875
1 0.4267578125 0.15625 0.0283203125 0.076171875
1 0.4580078125 0.1611328125 0.0361328125 0.0810546875
1 0.5283203125 0.1611328125 0.0283203125 0.0673828125
1 0.5615234375 0.1630859375 0.02734375 0.0712890625
1 0.59375 0.1630859375 0.03125 0.0625
1 0.7080078125 0.1748046875 0.0205078125 0.0625
1 0.7412109375 0.1748046875 0.0283203125 0.0712890625
1 0.7744140625 0.173828125 0.0322265625 0.0693359375
0 0.2392578125 0.150390625 0.1123046875 0.1015625
0 0.431640625 0.15625 0.1181640625 0.1044921875
0 0.560546875 0.1611328125 0.1025390625 0.08984375
0 0.744140625 0.17578125 0.1025390625 0.0927734375