1 0.119140625 0.3701171875 0.03515625 0.0830078125
1 0.16015625 0.38671875 0.0341796875 0.0791015625
1 0.1953125 0.400390625 0.0341796875 0.0830078125
1 0.3212890625 0.44921875 0.03125 0.0791015625
1 0.3623046875 0.466796875 0.0283203125 0.0859375
1 0.3994140625 0.4873046875 0.0302734375 0.0810546875
1 0.4736328125 0.51953125 0.03125 0.0810546875
1 0.5126953125 0.5380859375 0.0244140625 0.076171875
1 0.552734375 0.560546875 0.02734375 0.0693359375
1 0.6875 0.6123046875 0.03125 0.076171875
1 0.7255859375 0.62890625 0.03515625 0.0810546875
1 0.7666015625 0.6474609375 0.03515625 0.0859375
0 0.1572265625 0.3857421875 0.1171875 0.126953125
0 0.3603515625 0.4677734375 0.1171875 0.1298828125
0 0.51171875 0.537109375 0.1142578125 0.1337890625
0 0.7275390625 0.6298828125 0.1171875 0.1298828125