1 0.4130859375 0.50390625 0.01953125 0.0625
1 0.435546875 0.51171875 0.017578125 0.0576171875
1 0.45703125 0.5205078125 0.013671875 0.0537109375
1 0.5361328125 0.548828125 0.0166015625 0.0537109375
1 0.55859375 0.5556640625 0.013671875 0.0517578125
1 0.58203125 0.5615234375 0.017578125 0.0498046875
1 0.6298828125 0.5810546875 0.013671875 0.0439453125
1 0.65625 0.5888671875 0.017578125 0.060546875
1 0.681640625 0.599609375 0.0185546875 0.048828125
1 0.7705078125 0.626953125 0.0166015625 0.0546875
1 0.7958984375 0.6376953125 0.017578125 0.05078125
1 0.822265625 0.6474609375 0.0185546875 0.0517578125
0 0.4306640625 0.50390625 0.0732421875 0.09765625
0 0.55859375 0.5537109375 0.0751953125 0.080078125
0 0.6552734375 0.5888671875 0.0791015625 0.0810546875
0 0.796875 0.634765625 0.0810546875 0.0888671875