1 0.2490234375 0.376953125 0.0380859375 0.09765625
1 0.2841796875 0.3935546875 0.02734375 0.0830078125
1 0.3125 0.380859375 0.0283203125 0.076171875
1 0.4208984375 0.3759765625 0.0302734375 0.0673828125
1 0.4541015625 0.3759765625 0.0263671875 0.076171875
1 0.4873046875 0.3701171875 0.0283203125 0.0791015625
1 0.5517578125 0.3740234375 0.0263671875 0.0576171875
1 0.5849609375 0.37109375 0.0244140625 0.0673828125
1 0.6201171875 0.37109375 0.0224609375 0.0712890625
1 0.7333984375 0.3818359375 0.0244140625 0.064453125
1 0.767578125 0.3740234375 0.02734375 0.0673828125
1 0.8017578125 0.380859375 0.0322265625 0.0673828125
0 0.279296875 0.3828125 0.12109375 0.123046875
0 0.455078125 0.369140625 0.10546875 0.08984375
0 0.583984375 0.37109375 0.1025390625 0.099609375
0 0.7705078125 0.3759765625 0.1064453125 0.0947265625