1 0.26171875 0.3603515625 0.0263671875 0.0673828125
1 0.291015625 0.361328125 0.0263671875 0.06640625
1 0.322265625 0.3642578125 0.0244140625 0.060546875
1 0.421875 0.3720703125 0.0244140625 0.0615234375
1 0.4501953125 0.3701171875 0.0205078125 0.056640625
1 0.4814453125 0.37109375 0.0244140625 0.0615234375
1 0.5390625 0.3740234375 0.0234375 0.0537109375
1 0.568359375 0.3798828125 0.0224609375 0.060546875
1 0.59765625 0.37890625 0.0244140625 0.056640625
1 0.6962890625 0.3828125 0.0224609375 0.0546875
1 0.7265625 0.38671875 0.0224609375 0.0576171875
1 0.755859375 0.384765625 0.0263671875 0.056640625
0 0.291015625 0.3603515625 0.0927734375 0.076171875
0 0.4521484375 0.37109375 0.0908203125 0.0703125
0 0.568359375 0.376953125 0.087890625 0.07421875
0 0.7275390625 0.3828125 0.0908203125 0.0693359375