1 0.1484375 0.568359375 0.03515625 0.0849609375
1 0.1845703125 0.568359375 0.0361328125 0.068359375
1 0.212890625 0.5712890625 0.0322265625 0.0693359375
1 0.33203125 0.578125 0.033203125 0.0537109375
1 0.369140625 0.58984375 0.02734375 0.06640625
1 0.41015625 0.59375 0.03125 0.0771484375
1 0.484375 0.6005859375 0.0322265625 0.07421875
1 0.5263671875 0.611328125 0.0283203125 0.0771484375
1 0.5673828125 0.6064453125 0.029296875 0.080078125
1 0.720703125 0.62109375 0.0322265625 0.0751953125
1 0.7685546875 0.6298828125 0.033203125 0.0712890625
1 0.818359375 0.638671875 0.0322265625 0.0859375
0 0.1796875 0.5634765625 0.10546875 0.1015625
0 0.37109375 0.587890625 0.126953125 0.1015625
0 0.52734375 0.6025390625 0.125 0.103515625
0 0.76953125 0.6279296875 0.1396484375 0.1171875