1 0.23046875 0.2421875 0.0380859375 0.0771484375
1 0.265625 0.2392578125 0.02734375 0.07421875
1 0.3076171875 0.2392578125 0.0302734375 0.0830078125
1 0.427734375 0.2490234375 0.029296875 0.08203125
1 0.4658203125 0.2451171875 0.02734375 0.064453125
1 0.501953125 0.25 0.0263671875 0.07421875
1 0.5712890625 0.24609375 0.025390625 0.0634765625
1 0.60546875 0.2529296875 0.0283203125 0.068359375
1 0.64453125 0.24609375 0.02734375 0.056640625
1 0.767578125 0.244140625 0.0224609375 0.06640625
1 0.80078125 0.2431640625 0.02734375 0.0693359375
1 0.8388671875 0.23828125 0.03515625 0.06640625
0 0.2646484375 0.23828125 0.123046875 0.09765625
0 0.4658203125 0.244140625 0.11328125 0.1005859375
0 0.609375 0.2470703125 0.107421875 0.0927734375
0 0.8076171875 0.2421875 0.10546875 0.080078125