1 0.1640625 0.42578125 0.04296875 0.0927734375
1 0.208984375 0.4267578125 0.037109375 0.09375
1 0.2470703125 0.4345703125 0.0380859375 0.087890625
1 0.466796875 0.46875 0.033203125 0.08203125
1 0.5400390625 0.4775390625 0.0341796875 0.0791015625
1 0.5810546875 0.4853515625 0.0263671875 0.0791015625
1 0.623046875 0.4873046875 0.03515625 0.08203125
1 0.7587890625 0.5087890625 0.033203125 0.0771484375
1 0.7939453125 0.5009765625 0.0380859375 0.0908203125
1 0.8369140625 0.513671875 0.02734375 0.0859375
0 0.205078125 0.427734375 0.13671875 0.111328125
0 0.46484375 0.470703125 0.0517578125 0.0927734375
0 0.578125 0.4873046875 0.13671875 0.109375
0 0.794921875 0.505859375 0.119140625 0.1201171875