1 0.2099609375 0.6416015625 0.03515625 0.064453125
1 0.2412109375 0.6328125 0.0234375 0.0673828125
1 0.2685546875 0.626953125 0.0283203125 0.0556640625
1 0.3671875 0.615234375 0.0234375 0.05859375
1 0.3955078125 0.607421875 0.0263671875 0.0556640625
1 0.4248046875 0.60546875 0.0234375 0.0478515625
1 0.478515625 0.5927734375 0.0244140625 0.0439453125
1 0.505859375 0.5908203125 0.021484375 0.0498046875
1 0.533203125 0.5830078125 0.025390625 0.0439453125
1 0.6279296875 0.568359375 0.01953125 0.0498046875
1 0.654296875 0.564453125 0.0224609375 0.0546875
1 0.6806640625 0.5546875 0.01953125 0.0546875
0 0.2373046875 0.6318359375 0.0947265625 0.0869140625
0 0.39453125 0.60546875 0.0830078125 0.0703125
0 0.505859375 0.5859375 0.0830078125 0.060546875
0 0.654296875 0.5556640625 0.0791015625 0.0771484375