1 0.26171875 0.36328125 0.0302734375 0.0712890625
1 0.291015625 0.3681640625 0.0263671875 0.068359375
1 0.322265625 0.3681640625 0.0244140625 0.0625
1 0.423828125 0.3779296875 0.025390625 0.0595703125
1 0.451171875 0.3740234375 0.0234375 0.05859375
1 0.4794921875 0.3740234375 0.0234375 0.052734375
1 0.537109375 0.3818359375 0.0224609375 0.052734375
1 0.5673828125 0.3857421875 0.021484375 0.056640625
1 0.595703125 0.3818359375 0.0224609375 0.060546875
1 0.6953125 0.38671875 0.0185546875 0.052734375
1 0.7236328125 0.3896484375 0.0234375 0.0546875
1 0.7548828125 0.3916015625 0.0205078125 0.05859375
0 0.2900390625 0.36328125 0.0966796875 0.08203125
0 0.451171875 0.3740234375 0.087890625 0.072265625
0 0.5654296875 0.384765625 0.0869140625 0.0712890625
0 0.7265625 0.390625 0.087890625 0.0771484375