1 0.1474609375 0.173828125 0.03515625 0.07421875
1 0.1806640625 0.1796875 0.0283203125 0.076171875
1 0.208984375 0.185546875 0.0302734375 0.0791015625
1 0.3212890625 0.21484375 0.0322265625 0.0791015625
1 0.3564453125 0.2216796875 0.0283203125 0.06640625
1 0.390625 0.2294921875 0.0283203125 0.0712890625
1 0.453125 0.248046875 0.0283203125 0.0693359375
1 0.4833984375 0.2646484375 0.029296875 0.0693359375
1 0.517578125 0.2724609375 0.02734375 0.06640625
1 0.6298828125 0.3037109375 0.0263671875 0.0693359375
1 0.6640625 0.3154296875 0.0263671875 0.0634765625
1 0.6982421875 0.3193359375 0.02734375 0.064453125
0 0.1767578125 0.1806640625 0.1044921875 0.1083984375
0 0.35546875 0.220703125 0.1083984375 0.1044921875
0 0.4853515625 0.259765625 0.0986328125 0.119140625
0 0.6650390625 0.3095703125 0.1025390625 0.1005859375