1 0.19921875 0.1455078125 0.03515625 0.0830078125
1 0.2314453125 0.1435546875 0.033203125 0.0830078125
1 0.265625 0.1455078125 0.02734375 0.068359375
1 0.38671875 0.146484375 0.0263671875 0.07421875
1 0.4189453125 0.1552734375 0.029296875 0.0634765625
1 0.455078125 0.1591796875 0.0224609375 0.07421875
1 0.5224609375 0.16015625 0.0234375 0.060546875
1 0.5556640625 0.1640625 0.0205078125 0.0634765625
1 0.591796875 0.1640625 0.021484375 0.056640625
1 0.703125 0.1708984375 0.02734375 0.05859375
1 0.7353515625 0.1728515625 0.02734375 0.0556640625
1 0.76953125 0.1787109375 0.0302734375 0.05859375
0 0.232421875 0.1416015625 0.1064453125 0.103515625
0 0.4208984375 0.15234375 0.1015625 0.0986328125
0 0.5546875 0.162109375 0.1015625 0.0830078125
0 0.7373046875 0.1748046875 0.1044921875 0.0771484375