1 0.2607421875 0.361328125 0.0283203125 0.0673828125
1 0.2919921875 0.36328125 0.0224609375 0.064453125
1 0.3232421875 0.3701171875 0.0205078125 0.05859375
1 0.4208984375 0.373046875 0.021484375 0.060546875
1 0.4501953125 0.3671875 0.0244140625 0.0517578125
1 0.48046875 0.3759765625 0.0205078125 0.0546875
1 0.5390625 0.3779296875 0.0224609375 0.0556640625
1 0.5654296875 0.3828125 0.0234375 0.0595703125
1 0.595703125 0.3818359375 0.0234375 0.0498046875
1 0.6943359375 0.3896484375 0.017578125 0.056640625
1 0.724609375 0.392578125 0.0234375 0.0556640625
1 0.75390625 0.3896484375 0.02734375 0.0546875
0 0.2900390625 0.361328125 0.09765625 0.0859375
0 0.4501953125 0.373046875 0.087890625 0.0771484375
0 0.568359375 0.376953125 0.0888671875 0.0712890625
0 0.7275390625 0.388671875 0.0947265625 0.0712890625