1 0.267578125 0.4267578125 0.0283203125 0.0703125
1 0.294921875 0.4228515625 0.02734375 0.0703125
1 0.3232421875 0.4228515625 0.0283203125 0.0595703125
1 0.4208984375 0.4306640625 0.0234375 0.0546875
1 0.4501953125 0.4287109375 0.03125 0.05859375
1 0.478515625 0.427734375 0.0205078125 0.056640625
1 0.5322265625 0.43359375 0.0244140625 0.056640625
1 0.5625 0.4423828125 0.0224609375 0.056640625
1 0.5927734375 0.439453125 0.021484375 0.0556640625
1 0.685546875 0.439453125 0.021484375 0.0556640625
1 0.7138671875 0.4453125 0.0234375 0.052734375
1 0.744140625 0.4453125 0.0244140625 0.0517578125
0 0.2958984375 0.42578125 0.0927734375 0.08203125
0 0.4482421875 0.427734375 0.087890625 0.072265625
0 0.5615234375 0.4375 0.087890625 0.0751953125
0 0.7158203125 0.4404296875 0.087890625 0.0712890625