1 0.3203125 0.5849609375 0.0234375 0.0673828125
1 0.3466796875 0.58984375 0.0263671875 0.0771484375
1 0.3740234375 0.5869140625 0.0205078125 0.0625
1 0.587890625 0.6220703125 0.021484375 0.0546875
1 0.6171875 0.6279296875 0.021484375 0.06640625
1 0.64453125 0.634765625 0.0224609375 0.05859375
1 0.751953125 0.646484375 0.017578125 0.0673828125
1 0.7783203125 0.6611328125 0.0244140625 0.06640625
1 0.8095703125 0.65625 0.025390625 0.052734375
0 0.34765625 0.5888671875 0.0869140625 0.09765625
0 0.6142578125 0.630859375 0.0908203125 0.08203125
0 0.78125 0.650390625 0.09375 0.0927734375