1 0.1162109375 0.3935546875 0.0361328125 0.0791015625
1 0.1513671875 0.3994140625 0.0322265625 0.076171875
1 0.189453125 0.41796875 0.0302734375 0.0712890625
1 0.3173828125 0.46875 0.0302734375 0.0810546875
1 0.3564453125 0.482421875 0.03515625 0.076171875
1 0.3955078125 0.4990234375 0.02734375 0.0810546875
1 0.4697265625 0.5244140625 0.0283203125 0.0859375
1 0.5087890625 0.5458984375 0.0283203125 0.0830078125
1 0.5478515625 0.5673828125 0.0263671875 0.0791015625
1 0.6845703125 0.619140625 0.0302734375 0.0810546875
1 0.7216796875 0.6396484375 0.0341796875 0.0810546875
1 0.7607421875 0.6494140625 0.0341796875 0.0947265625
0 0.1513671875 0.404296875 0.11328125 0.1181640625
0 0.35546875 0.4853515625 0.1201171875 0.1318359375
0 0.5107421875 0.548828125 0.1142578125 0.1435546875
0 0.7236328125 0.630859375 0.1171875 0.1416015625