1 0.2294921875 0.55859375 0.037109375 0.0712890625
1 0.39453125 0.6123046875 0.0302734375 0.06640625
1 0.42578125 0.623046875 0.0283203125 0.0693359375
1 0.4609375 0.6455078125 0.0283203125 0.0751953125
1 0.5244140625 0.6591796875 0.0322265625 0.064453125
1 0.560546875 0.677734375 0.0234375 0.068359375
1 0.591796875 0.6826171875 0.0263671875 0.0634765625
1 0.7177734375 0.7333984375 0.02734375 0.068359375
1 0.7490234375 0.744140625 0.025390625 0.0712890625
1 0.7900390625 0.7578125 0.0263671875 0.0712890625
1 0.294921875 0.5869140625 0.0244140625 0.056640625
0 0.2568359375 0.56640625 0.11328125 0.1123046875
0 0.4267578125 0.6298828125 0.1025390625 0.126953125
0 0.5537109375 0.6708984375 0.1083984375 0.111328125
0 0.751953125 0.7470703125 0.11328125 0.1142578125