1 0.1484375 0.5556640625 0.037109375 0.080078125
1 0.185546875 0.5595703125 0.0390625 0.0693359375
1 0.2197265625 0.56640625 0.033203125 0.07421875
1 0.3369140625 0.5771484375 0.03515625 0.0771484375
1 0.373046875 0.5791015625 0.0380859375 0.08203125
1 0.412109375 0.58203125 0.033203125 0.08984375
1 0.4921875 0.5947265625 0.025390625 0.072265625
1 0.53125 0.5966796875 0.0302734375 0.0791015625
1 0.5751953125 0.6025390625 0.0263671875 0.0849609375
1 0.724609375 0.62109375 0.0302734375 0.087890625
1 0.7744140625 0.6220703125 0.02734375 0.0927734375
1 0.8232421875 0.630859375 0.033203125 0.0849609375
0 0.181640625 0.5576171875 0.115234375 0.103515625
0 0.375 0.5810546875 0.119140625 0.103515625
0 0.5341796875 0.6015625 0.1162109375 0.1015625
0 0.7724609375 0.623046875 0.140625 0.1123046875