1 0.119140625 0.3828125 0.0380859375 0.076171875
1 0.1572265625 0.38671875 0.03125 0.0830078125
1 0.193359375 0.4140625 0.03515625 0.0791015625
1 0.3212890625 0.4677734375 0.0341796875 0.0927734375
1 0.3623046875 0.486328125 0.03125 0.087890625
1 0.400390625 0.4931640625 0.0302734375 0.07421875
1 0.4736328125 0.533203125 0.0283203125 0.0712890625
1 0.5126953125 0.5478515625 0.0302734375 0.076171875
1 0.5537109375 0.568359375 0.03125 0.076171875
1 0.6875 0.6162109375 0.0263671875 0.0791015625
1 0.7255859375 0.630859375 0.02734375 0.0810546875
1 0.7646484375 0.6494140625 0.0380859375 0.0859375
0 0.1552734375 0.3955078125 0.1181640625 0.125
0 0.3603515625 0.4775390625 0.1181640625 0.126953125
0 0.5146484375 0.55078125 0.1162109375 0.1201171875
0 0.728515625 0.6357421875 0.1181640625 0.126953125