1 0.1376953125 0.1806640625 0.0361328125 0.0791015625
1 0.169921875 0.1875 0.03515625 0.0693359375
1 0.203125 0.193359375 0.0283203125 0.076171875
1 0.3115234375 0.2236328125 0.0341796875 0.0859375
1 0.3408203125 0.2265625 0.0341796875 0.07421875
1 0.3740234375 0.2353515625 0.0390625 0.076171875
1 0.443359375 0.255859375 0.0244140625 0.0673828125
1 0.4736328125 0.2734375 0.0302734375 0.07421875
1 0.5078125 0.2763671875 0.0283203125 0.0673828125
1 0.619140625 0.3076171875 0.02734375 0.0693359375
1 0.6484375 0.3173828125 0.03125 0.07421875
1 0.6845703125 0.3232421875 0.0361328125 0.0810546875
0 0.16796875 0.1865234375 0.1142578125 0.123046875
0 0.3408203125 0.220703125 0.1171875 0.123046875
0 0.4736328125 0.2646484375 0.1064453125 0.11328125
0 0.6533203125 0.3203125 0.1123046875 0.11328125