1 0.146484375 0.1708984375 0.04296875 0.0791015625
1 0.181640625 0.1796875 0.0283203125 0.0634765625
1 0.212890625 0.1865234375 0.02734375 0.0615234375
1 0.3203125 0.21484375 0.0302734375 0.056640625
1 0.3544921875 0.22265625 0.029296875 0.0615234375
1 0.3857421875 0.2333984375 0.0244140625 0.056640625
1 0.451171875 0.251953125 0.025390625 0.060546875
1 0.482421875 0.2646484375 0.02734375 0.0693359375
1 0.517578125 0.2705078125 0.021484375 0.0556640625
1 0.626953125 0.2958984375 0.0263671875 0.064453125
1 0.66015625 0.3076171875 0.0244140625 0.060546875
1 0.6943359375 0.3212890625 0.02734375 0.0556640625
0 0.17578125 0.1748046875 0.109375 0.1064453125
0 0.3515625 0.2294921875 0.0966796875 0.09375
0 0.484375 0.2626953125 0.09765625 0.08984375
0 0.6611328125 0.30859375 0.099609375 0.1044921875