1 0.2578125 0.3671875 0.0283203125 0.0771484375
1 0.2880859375 0.3671875 0.0302734375 0.06640625
1 0.318359375 0.369140625 0.0302734375 0.0576171875
1 0.41796875 0.3740234375 0.025390625 0.0625
1 0.4482421875 0.3759765625 0.0224609375 0.0615234375
1 0.4775390625 0.3798828125 0.0205078125 0.05078125
1 0.5341796875 0.3798828125 0.0224609375 0.06640625
1 0.56640625 0.384765625 0.021484375 0.0634765625
1 0.59375 0.3828125 0.0224609375 0.048828125
1 0.6923828125 0.3857421875 0.0205078125 0.0576171875
1 0.7216796875 0.388671875 0.0234375 0.0615234375
1 0.7509765625 0.3896484375 0.0224609375 0.0634765625
0 0.2880859375 0.3642578125 0.099609375 0.091796875
0 0.4453125 0.373046875 0.0927734375 0.0771484375
0 0.5654296875 0.3798828125 0.0888671875 0.0810546875
0 0.72265625 0.3876953125 0.0869140625 0.0830078125