1 0.1708984375 0.3984375 0.0400390625 0.0927734375
1 0.2080078125 0.3837890625 0.0341796875 0.0693359375
1 0.2470703125 0.37109375 0.03125 0.0673828125
1 0.3603515625 0.3203125 0.0341796875 0.0712890625
1 0.3935546875 0.3076171875 0.0224609375 0.07421875
1 0.42578125 0.2900390625 0.03125 0.0625
1 0.48046875 0.2724609375 0.0283203125 0.0576171875
1 0.5107421875 0.2626953125 0.0244140625 0.0625
1 0.5400390625 0.244140625 0.02734375 0.0537109375
1 0.6279296875 0.2109375 0.01953125 0.05078125
1 0.6513671875 0.1943359375 0.02734375 0.0556640625
1 0.681640625 0.1865234375 0.02734375 0.0576171875
0 0.2099609375 0.392578125 0.1220703125 0.1181640625
0 0.3935546875 0.306640625 0.1103515625 0.1083984375
0 0.5126953125 0.2626953125 0.0966796875 0.099609375
0 0.6552734375 0.1923828125 0.0849609375 0.0927734375