1 0.1552734375 0.1884765625 0.0341796875 0.0810546875
1 0.1826171875 0.2021484375 0.03125 0.0712890625
1 0.2138671875 0.2080078125 0.0302734375 0.060546875
1 0.3232421875 0.2412109375 0.0283203125 0.07421875
1 0.35546875 0.2451171875 0.0283203125 0.060546875
1 0.388671875 0.25 0.02734375 0.0693359375
1 0.4482421875 0.2685546875 0.0263671875 0.0693359375
1 0.482421875 0.283203125 0.0302734375 0.0712890625
1 0.5185546875 0.2822265625 0.02734375 0.064453125
1 0.6240234375 0.314453125 0.03125 0.0693359375
1 0.6591796875 0.3203125 0.0263671875 0.0673828125
1 0.6904296875 0.3330078125 0.02734375 0.064453125
0 0.1845703125 0.1884765625 0.1005859375 0.1083984375
0 0.3564453125 0.23828125 0.1044921875 0.111328125
0 0.4833984375 0.2734375 0.1064453125 0.1064453125
0 0.6572265625 0.3212890625 0.10546875 0.1015625