1 0.26171875 0.359375 0.029296875 0.0625
1 0.287109375 0.365234375 0.0302734375 0.0634765625
1 0.322265625 0.373046875 0.0263671875 0.05859375
1 0.4189453125 0.37890625 0.0244140625 0.064453125
1 0.447265625 0.3759765625 0.0224609375 0.0595703125
1 0.4775390625 0.3779296875 0.0224609375 0.052734375
1 0.533203125 0.3818359375 0.0205078125 0.05859375
1 0.5615234375 0.388671875 0.025390625 0.0625
1 0.59375 0.3837890625 0.0234375 0.048828125
1 0.6923828125 0.388671875 0.0224609375 0.0546875
1 0.720703125 0.3916015625 0.0263671875 0.052734375
1 0.751953125 0.3916015625 0.021484375 0.06640625
0 0.291015625 0.365234375 0.091796875 0.0849609375
0 0.447265625 0.3759765625 0.0888671875 0.0751953125
0 0.5654296875 0.3837890625 0.0888671875 0.0703125
0 0.724609375 0.3916015625 0.0888671875 0.0771484375