1 0.263671875 0.44921875 0.0263671875 0.0625
1 0.369140625 0.482421875 0.029296875 0.05859375
1 0.3984375 0.4951171875 0.025390625 0.0634765625
1 0.4306640625 0.5009765625 0.02734375 0.0751953125
1 0.4951171875 0.517578125 0.025390625 0.0595703125
1 0.5283203125 0.525390625 0.02734375 0.0703125
1 0.56640625 0.5390625 0.0263671875 0.0673828125
1 0.6884765625 0.578125 0.0283203125 0.0712890625
1 0.7236328125 0.5908203125 0.0234375 0.0673828125
1 0.76171875 0.6015625 0.0263671875 0.08203125
0 0.263671875 0.4501953125 0.0361328125 0.0791015625
0 0.400390625 0.4912109375 0.0986328125 0.1015625
0 0.5302734375 0.52734375 0.11328125 0.109375
0 0.724609375 0.5888671875 0.111328125 0.1279296875