1 0.1474609375 0.341796875 0.03515625 0.076171875
1 0.185546875 0.337890625 0.0322265625 0.0791015625
1 0.224609375 0.3388671875 0.0380859375 0.0810546875
1 0.3583984375 0.3486328125 0.0341796875 0.0810546875
1 0.3916015625 0.34765625 0.0283203125 0.07421875
1 0.4287109375 0.3515625 0.0341796875 0.0693359375
1 0.501953125 0.35546875 0.02734375 0.0673828125
1 0.5341796875 0.3564453125 0.0302734375 0.07421875
1 0.57421875 0.3525390625 0.0361328125 0.0673828125
1 0.6904296875 0.357421875 0.0283203125 0.0673828125
1 0.7265625 0.3505859375 0.0341796875 0.0712890625
1 0.7607421875 0.3603515625 0.0283203125 0.0712890625
0 0.1875 0.3388671875 0.1220703125 0.0947265625
0 0.3935546875 0.34765625 0.11328125 0.0927734375
0 0.5380859375 0.3515625 0.1142578125 0.09765625
0 0.7255859375 0.357421875 0.10546875 0.0947265625