1 0.2421875 0.255859375 0.0390625 0.0791015625
1 0.27734375 0.2529296875 0.033203125 0.08984375
1 0.3154296875 0.248046875 0.03125 0.07421875
1 0.4345703125 0.251953125 0.033203125 0.064453125
1 0.470703125 0.25 0.02734375 0.068359375
1 0.505859375 0.2470703125 0.033203125 0.068359375
1 0.5751953125 0.2490234375 0.029296875 0.06640625
1 0.611328125 0.2529296875 0.0234375 0.07421875
1 0.6474609375 0.2509765625 0.0244140625 0.06640625
1 0.765625 0.251953125 0.0244140625 0.064453125
1 0.7978515625 0.248046875 0.029296875 0.072265625
1 0.8349609375 0.2470703125 0.0361328125 0.0615234375
0 0.27734375 0.2490234375 0.1162109375 0.103515625
0 0.470703125 0.244140625 0.119140625 0.0927734375
0 0.611328125 0.25 0.1083984375 0.08984375
0 0.8046875 0.2509765625 0.1044921875 0.0908203125