1 0.1416015625 0.40625 0.0458984375 0.0947265625
1 0.185546875 0.4208984375 0.04296875 0.087890625
1 0.2255859375 0.4384765625 0.03515625 0.0947265625
1 0.3681640625 0.48828125 0.0390625 0.087890625
1 0.4130859375 0.5048828125 0.0361328125 0.1015625
1 0.4560546875 0.5146484375 0.0361328125 0.08984375
1 0.5400390625 0.544921875 0.03125 0.08984375
1 0.5888671875 0.564453125 0.0341796875 0.0791015625
1 0.6337890625 0.58203125 0.03125 0.0859375
1 0.794921875 0.642578125 0.03515625 0.099609375
1 0.8427734375 0.65234375 0.0400390625 0.087890625
1 0.890625 0.6728515625 0.0439453125 0.0947265625
0 0.1826171875 0.423828125 0.1298828125 0.1435546875
0 0.412109375 0.5 0.1396484375 0.1435546875
0 0.5869140625 0.5615234375 0.1328125 0.1416015625
0 0.845703125 0.6572265625 0.14453125 0.1435546875