1 0.1220703125 0.3857421875 0.0263671875 0.0810546875
1 0.1572265625 0.400390625 0.03125 0.0791015625
1 0.193359375 0.4169921875 0.0380859375 0.0830078125
1 0.3232421875 0.466796875 0.0302734375 0.0712890625
1 0.3603515625 0.482421875 0.0322265625 0.0859375
1 0.3994140625 0.4990234375 0.0283203125 0.076171875
1 0.4736328125 0.5302734375 0.02734375 0.07421875
1 0.5107421875 0.5458984375 0.0283203125 0.07421875
1 0.55078125 0.5693359375 0.03125 0.0791015625
1 0.6865234375 0.6240234375 0.0283203125 0.0712890625
1 0.720703125 0.6357421875 0.0322265625 0.0859375
1 0.7626953125 0.6494140625 0.0341796875 0.0859375
0 0.1611328125 0.400390625 0.1162109375 0.138671875
0 0.3623046875 0.48046875 0.1201171875 0.123046875
0 0.5126953125 0.5537109375 0.1181640625 0.125
0 0.7255859375 0.6416015625 0.1181640625 0.1162109375