1 0.2353515625 0.193359375 0.0400390625 0.08984375
1 0.2763671875 0.193359375 0.0341796875 0.0673828125
1 0.3125 0.1953125 0.03125 0.0712890625
1 0.4375 0.201171875 0.0390625 0.0791015625
1 0.4736328125 0.2021484375 0.0341796875 0.0576171875
1 0.515625 0.1962890625 0.025390625 0.052734375
1 0.583984375 0.2080078125 0.02734375 0.06640625
1 0.62109375 0.2080078125 0.02734375 0.060546875
1 0.6630859375 0.2001953125 0.0322265625 0.0615234375
1 0.7900390625 0.2080078125 0.0283203125 0.0693359375
1 0.8642578125 0.1962890625 0.033203125 0.06640625
0 0.2724609375 0.185546875 0.12109375 0.1123046875
0 0.470703125 0.19921875 0.12109375 0.0986328125
0 0.6259765625 0.2060546875 0.115234375 0.0791015625
1 0.826171875 0.203125 0.0341796875 0.0751953125
0 0.828125 0.2060546875 0.115234375 0.0908203125