1 0.1513671875 0.3369140625 0.0390625 0.08984375
1 0.1884765625 0.3291015625 0.0380859375 0.0830078125
1 0.228515625 0.3349609375 0.0322265625 0.076171875
1 0.3564453125 0.34375 0.0361328125 0.08984375
1 0.3974609375 0.3427734375 0.0341796875 0.0830078125
1 0.4345703125 0.3447265625 0.0322265625 0.0830078125
1 0.5029296875 0.3447265625 0.0380859375 0.0791015625
1 0.5439453125 0.3544921875 0.0322265625 0.07421875
1 0.580078125 0.3486328125 0.0322265625 0.0712890625
1 0.6953125 0.3515625 0.0283203125 0.0693359375
1 0.7333984375 0.3525390625 0.0283203125 0.0712890625
1 0.7705078125 0.3525390625 0.0322265625 0.0712890625
0 0.189453125 0.330078125 0.12109375 0.11328125
0 0.3935546875 0.34375 0.1171875 0.1083984375
0 0.5400390625 0.345703125 0.1259765625 0.1044921875
0 0.7333984375 0.3515625 0.1103515625 0.0927734375