1 0.314453125 0.5751953125 0.0234375 0.06640625
1 0.34375 0.5810546875 0.0234375 0.0634765625
1 0.3720703125 0.5830078125 0.021484375 0.072265625
1 0.5810546875 0.6123046875 0.0224609375 0.0537109375
1 0.6142578125 0.6162109375 0.01953125 0.060546875
1 0.64453125 0.623046875 0.0224609375 0.056640625
1 0.7509765625 0.6416015625 0.021484375 0.0634765625
1 0.77734375 0.6513671875 0.025390625 0.064453125
1 0.8095703125 0.6552734375 0.0234375 0.0537109375
0 0.341796875 0.5791015625 0.0869140625 0.0986328125
0 0.61328125 0.6181640625 0.095703125 0.0791015625
0 0.7802734375 0.646484375 0.08984375 0.0927734375