1 0.2451171875 0.5302734375 0.02734375 0.0849609375
1 0.27734375 0.5458984375 0.02734375 0.080078125
1 0.3056640625 0.5458984375 0.0302734375 0.06640625
1 0.458984375 0.5625 0.0263671875 0.056640625
1 0.494140625 0.56640625 0.0234375 0.064453125
1 0.5595703125 0.5771484375 0.0322265625 0.068359375
1 0.595703125 0.5849609375 0.025390625 0.068359375
1 0.6328125 0.58984375 0.0234375 0.06640625
1 0.7587890625 0.6015625 0.0263671875 0.068359375
1 0.7900390625 0.6044921875 0.02734375 0.0771484375
1 0.828125 0.6083984375 0.02734375 0.0751953125
0 0.275390625 0.53515625 0.0986328125 0.1064453125
0 0.4775390625 0.56640625 0.0673828125 0.080078125
0 0.59375 0.5830078125 0.1142578125 0.08984375
0 0.791015625 0.6044921875 0.1083984375 0.0927734375