1 0.2236328125 0.2412109375 0.04296875 0.0830078125
1 0.2607421875 0.2353515625 0.03125 0.076171875
1 0.30078125 0.2431640625 0.0341796875 0.0693359375
0 0.2607421875 0.2373046875 0.1298828125 0.1044921875
1 0.4267578125 0.2392578125 0.0341796875 0.0673828125
1 0.4638671875 0.2421875 0.02734375 0.0673828125
1 0.4990234375 0.2373046875 0.02734375 0.0625
1 0.5673828125 0.244140625 0.0341796875 0.0712890625
1 0.6083984375 0.2412109375 0.03125 0.07421875
1 0.646484375 0.2421875 0.03515625 0.0673828125
1 0.765625 0.23828125 0.02734375 0.0791015625
1 0.80078125 0.23828125 0.0283203125 0.0693359375
1 0.837890625 0.23828125 0.0341796875 0.06640625
0 0.4619140625 0.244140625 0.115234375 0.0908203125
0 0.607421875 0.2412109375 0.1201171875 0.09375
0 0.8046875 0.2353515625 0.111328125 0.09375