1 0.1708984375 0.3798828125 0.0380859375 0.0830078125
1 0.2099609375 0.3662109375 0.0322265625 0.07421875
1 0.2470703125 0.3544921875 0.03125 0.07421875
1 0.3662109375 0.298828125 0.0283203125 0.064453125
1 0.3974609375 0.28515625 0.0234375 0.07421875
1 0.42578125 0.27734375 0.03125 0.0693359375
1 0.486328125 0.2509765625 0.0224609375 0.0673828125
1 0.5146484375 0.244140625 0.0234375 0.0625
1 0.5419921875 0.224609375 0.0234375 0.064453125
1 0.6318359375 0.19140625 0.0224609375 0.0576171875
1 0.65625 0.1806640625 0.0234375 0.064453125
1 0.68359375 0.1689453125 0.0234375 0.060546875
0 0.2041015625 0.36328125 0.1171875 0.1337890625
0 0.392578125 0.2919921875 0.10546875 0.1162109375
0 0.513671875 0.23828125 0.0869140625 0.1064453125
0 0.6591796875 0.17578125 0.0859375 0.087890625